0 0.472 0.3925373134328358 0.904 0.40298507462686567
14 0.979 0.5119402985074627 0.026 0.11641791044776119
14 0.95 0.5074626865671642 0.016 0.10746268656716418
14 0.928 0.5044776119402985 0.028 0.11940298507462686
14 0.898 0.5104477611940299 0.028 0.11940298507462686
14 0.871 0.5238805970149254 0.03 0.14029850746268657
14 0.832 0.5253731343283582 0.036 0.16119402985074627
14 0.851 0.5567164179104478 0.022 0.11641791044776119
14 0.796 0.49850746268656715 0.02 0.10746268656716418
14 0.738 0.5253731343283582 0.024 0.11940298507462686
14 0.635 0.5238805970149254 0.038 0.12835820895522387
14 0.602 0.5298507462686567 0.028 0.14029850746268657
14 0.373 0.5164179104477612 0.026 0.10149253731343283
14 0.331 0.5134328358208955 0.018 0.0955223880597015
14 0.316 0.5149253731343284 0.016 0.09253731343283582
6 0.41 0.4955223880597015 0.028 0.041791044776119404
6 0.238 0.5 0.036 0.03880597014925373
6 0.103 0.5 0.038 0.03880597014925373
6 0.201 0.5014925373134328 0.042 0.04776119402985075
6 0.17 0.4955223880597015 0.028 0.03582089552238806
6 0.276 0.49850746268656715 0.028 0.041791044776119404