14 0.801 0.554140127388535 0.102 0.29936305732484075
9 0.222 0.552547770700637 0.248 0.28343949044585987
9 0.398 0.5652866242038217 0.02 0.054140127388535034
9 0.459 0.571656050955414 0.042 0.054140127388535034
9 0.976 0.6369426751592356 0.044 0.03184713375796178
9 0.938 0.6369426751592356 0.036 0.044585987261146494
9 0.931 0.6162420382165605 0.05 0.022292993630573247
9 0.842 0.6114649681528662 0.028 0.03184713375796178
9 0.77 0.6114649681528662 0.044 0.03184713375796178
6 0.942 0.5668789808917197 0.052 0.03184713375796178
6 0.776 0.5652866242038217 0.052 0.022292993630573247
6 0.649 0.5652866242038217 0.046 0.03503184713375796
6 0.496 0.5621019108280255 0.04 0.028662420382165606