16 0.081 0.597 0.162 0.118
16 0.528 0.599 0.116 0.102
16 0.413 0.638 0.11 0.18
16 0.297 0.546 0.07 0.052
16 0.218 0.519 0.024 0.034
16 0.136 0.527 0.052 0.042
16 0.063 0.535 0.038 0.022
16 0.031 0.523 0.034 0.034
16 0.073 0.523 0.03 0.026
16 0.416 0.521 0.024 0.022
16 0.346 0.539 0.036 0.042
16 0.446 0.523 0.028 0.014
16 0.523 0.54 0.03 0.028
16 0.555 0.54 0.034 0.02
16 0.735 0.538 0.03 0.024
16 0.687 0.532 0.026 0.02
16 0.664 0.534 0.036 0.024
16 0.633 0.532 0.022 0.028
16 0.607 0.531 0.03 0.03