3 0.49099099099099097 0.499 0.7537537537537538 0.71
3 0.18618618618618618 0.775 0.06006006006006006 0.014
3 0.04054054054054054 0.778 0.08108108108108109 0.02
3 0.9039039039039038 0.761 0.07807807807807808 0.042
3 0.7117117117117117 0.695 0.1021021021021021 0.198
3 0.1921921921921922 0.809 0.25825825825825827 0.034
14 0.38288288288288286 0.798 0.03303303303303303 0.036
14 0.4099099099099099 0.798 0.03303303303303303 0.028
14 0.45495495495495497 0.799 0.04504504504504504 0.026
3 0.978978978978979 0.786 0.036036036036036036 0.016
14 0.18468468468468469 0.794 0.02702702702702703 0.036