2 0.268 0.692 0.192 0.392
2 0.834 0.5346666666666666 0.128 0.312
2 0.046 0.5226666666666666 0.036 0.032
2 0.071 0.496 0.022 0.037333333333333336
2 0.119 0.492 0.026 0.034666666666666665
2 0.096 0.464 0.024 0.02666666666666667
2 0.126 0.46266666666666667 0.024 0.024
2 0.179 0.4613333333333333 0.026 0.042666666666666665
2 0.219 0.476 0.03 0.029333333333333333
2 0.352 0.44 0.02 0.02666666666666667
2 0.372 0.432 0.016 0.032
2 0.554 0.44666666666666666 0.02 0.024
2 0.933 0.42 0.022 0.06133333333333333