8 0.864 0.8033033033033034 0.12 0.38738738738738737
8 0.138 0.8063063063063063 0.132 0.3813813813813814
8 0.131 0.5675675675675675 0.042 0.09009009009009009
4 0.513 0.5675675675675675 0.026 0.13213213213213212
14 0.4 0.4174174174174174 0.12 0.24624624624624625
14 0.318 0.47297297297297297 0.192 0.3633633633633634
14 0.216 0.6981981981981982 0.26 0.5975975975975976
14 0.742 0.6771771771771772 0.292 0.6396396396396397
14 0.662 0.46846846846846846 0.144 0.34234234234234234
14 0.616 0.41291291291291293 0.1 0.3033033033033033
10 0.502 0.7507507507507507 0.424 0.4924924924924925