14 0.666 0.7466666666666667 0.02 0.07466666666666667
14 0.715 0.732 0.018 0.056
14 0.725 0.7293333333333333 0.014 0.056
14 0.736 0.7226666666666667 0.02 0.058666666666666666
14 0.6 0.7186666666666667 0.028 0.04533333333333334
14 0.183 0.72 0.026 0.05333333333333334
6 0.847 0.776 0.302 0.18133333333333335
6 0.948 0.8506666666666667 0.1 0.11733333333333333
6 0.601 0.8053333333333333 0.27 0.144
6 0.075 0.7773333333333333 0.15 0.2906666666666667
6 0.162 0.736 0.076 0.05333333333333334
6 0.335 0.8413333333333334 0.67 0.312