5 0.3933333333333333 0.633 0.19466666666666665 0.118
5 0.44266666666666665 0.733 0.336 0.17
6 0.49733333333333335 0.797 0.15733333333333333 0.07
6 0.6893333333333334 0.695 0.104 0.042
6 0.752 0.662 0.09066666666666667 0.044
6 0.8906666666666667 0.568 0.064 0.036
6 0.9453333333333334 0.555 0.06133333333333333 0.034
6 0.9813333333333333 0.544 0.032 0.032
14 0.4266666666666667 0.918 0.037333333333333336 0.064
14 0.43866666666666665 0.905 0.034666666666666665 0.058
14 0.616 0.982 0.042666666666666665 0.032
14 0.6493333333333333 0.971 0.04533333333333334 0.054
14 0.7186666666666667 0.982 0.04533333333333334 0.032
14 0.6813333333333333 0.988 0.04 0.02