6 0.869 0.752 0.202 0.10666666666666667
6 0.407 0.724 0.046 0.04533333333333334
6 0.356 0.716 0.032 0.034666666666666665
6 0.321 0.7106666666666667 0.03 0.029333333333333333
14 0.212 0.7346666666666667 0.02 0.07733333333333334
14 0.245 0.736 0.022 0.07466666666666667
14 0.557 0.712 0.018 0.058666666666666666
14 0.595 0.716 0.01 0.04533333333333334
14 0.573 0.716 0.01 0.056
6 0.284 0.7133333333333334 0.016 0.018666666666666668
6 0.274 0.7173333333333334 0.012 0.016
6 0.303 0.7106666666666667 0.018 0.024