12 0.162 0.6180124223602484 0.248 0.6708074534161491
12 0.357 0.6180124223602484 0.194 0.6086956521739131
12 0.486 0.6273291925465838 0.168 0.6459627329192547
12 0.661 0.610248447204969 0.17 0.5869565217391305
12 0.82 0.577639751552795 0.152 0.6149068322981367
12 0.928 0.65527950310559 0.14 0.5900621118012422
14 0.113 0.4114906832298137 0.194 0.4192546583850932
14 0.32 0.422360248447205 0.164 0.391304347826087
14 0.468 0.38819875776397517 0.176 0.3416149068322981
14 0.601 0.4052795031055901 0.13 0.2826086956521739
14 0.772 0.38354037267080743 0.144 0.3695652173913043
14 0.909 0.43478260869565216 0.178 0.453416149068323