14 0.579 0.644 0.47 0.7066666666666667
14 0.87 0.32 0.096 0.2613333333333333
14 0.835 0.20533333333333334 0.058 0.096
14 0.793 0.43866666666666665 0.198 0.42933333333333334
14 0.111 0.784 0.222 0.4266666666666667
14 0.119 0.5093333333333333 0.238 0.4266666666666667
14 0.27 0.37466666666666665 0.184 0.4026666666666667
14 0.467 0.33066666666666666 0.146 0.2826666666666667
14 0.54 0.2693333333333333 0.068 0.18666666666666668
14 0.624 0.23733333333333334 0.124 0.128
8 0.86 0.8053333333333333 0.196 0.384
8 0.867 0.5893333333333334 0.114 0.19733333333333333
10 0.403 0.64 0.806 0.7146666666666667