10 0.542 0.8853333333333333 0.36 0.112
10 0.588 0.964 0.524 0.06666666666666667
10 0.578 0.8253333333333334 0.268 0.050666666666666665
14 0.163 0.7226666666666667 0.314 0.5493333333333333
14 0.305 0.6666666666666666 0.178 0.3413333333333333
14 0.353 0.784 0.142 0.368
14 0.401 0.704 0.13 0.2613333333333333
14 0.474 0.7 0.096 0.23733333333333334
14 0.689 0.704 0.114 0.30933333333333335
14 0.597 0.668 0.126 0.25866666666666666
14 0.923 0.72 0.15 0.5546666666666666
14 0.802 0.7506666666666667 0.244 0.4826666666666667
14 0.76 0.7026666666666667 0.14 0.312
17 0.271 0.8213333333333334 0.542 0.352