14 0.249 0.5853333333333334 0.094 0.3973333333333333
14 0.488 0.58 0.084 0.3333333333333333
14 0.587 0.5813333333333334 0.094 0.336
14 0.689 0.5746666666666667 0.086 0.344
14 0.853 0.49066666666666664 0.098 0.192
14 0.081 0.62 0.082 0.424
14 0.409 0.5933333333333334 0.074 0.36
14 0.162 0.584 0.104 0.3413333333333333
8 0.151 0.8706666666666667 0.17 0.23733333333333334
8 0.317 0.8746666666666667 0.17 0.24533333333333332
8 0.499 0.86 0.142 0.23733333333333334
8 0.648 0.8586666666666667 0.136 0.25066666666666665
8 0.869 0.9093333333333333 0.166 0.176
8 0.649 0.9146666666666666 0.118 0.16533333333333333
8 0.496 0.9173333333333333 0.176 0.16
8 0.275 0.92 0.178 0.15466666666666667
8 0.074 0.9173333333333333 0.148 0.16
8 0.829 0.688 0.102 0.224
14 0.743 0.9066666666666666 0.174 0.18133333333333335