8 0.082 0.8666666666666667 0.164 0.2613333333333333
8 0.297 0.736 0.174 0.2986666666666667
8 0.721 0.8026666666666666 0.174 0.3466666666666667
8 0.673 0.6186666666666667 0.122 0.21333333333333335
8 0.913 0.6226666666666667 0.138 0.232
8 0.965 0.6586666666666666 0.066 0.17066666666666666
10 0.462 0.812 0.26 0.31733333333333336
14 0.983 0.5893333333333334 0.03 0.10666666666666667
14 0.827 0.608 0.174 0.29333333333333333
14 0.653 0.5453333333333333 0.086 0.12
14 0.516 0.504 0.084 0.30933333333333335
14 0.422 0.5106666666666667 0.084 0.2906666666666667
14 0.069 0.46266666666666667 0.094 0.312
14 0.149 0.4693333333333333 0.098 0.304
14 0.071 0.8 0.142 0.39466666666666667
14 0.682 0.7266666666666667 0.232 0.472
14 0.322 0.6986666666666667 0.168 0.352