1 0.8111111111111111 0.7814814814814814 0.3277777777777778 0.28888888888888886
1 0.38333333333333336 0.8537037037037037 0.3888888888888889 0.2851851851851852
1 0.19166666666666668 0.8925925925925926 0.3277777777777778 0.2074074074074074
1 0.04861111111111111 0.6518518518518519 0.09722222222222222 0.17037037037037037
14 0.19444444444444445 0.7388888888888889 0.2833333333333333 0.5148148148148148
14 0.4152777777777778 0.7092592592592593 0.175 0.5740740740740741
14 0.7930555555555555 0.6555555555555556 0.18055555555555555 0.4
14 0.9208333333333333 0.6055555555555555 0.06944444444444445 0.23333333333333334
14 0.058333333333333334 0.5814814814814815 0.10555555555555556 0.2518518518518518
14 0.30694444444444446 0.5537037037037037 0.04722222222222222 0.18888888888888888
14 0.26805555555555555 0.4685185185185185 0.05277777777777778 0.08518518518518518
14 0.3375 0.4962962962962963 0.019444444444444445 0.06666666666666667