16 0.854 0.4866666666666667 0.068 0.06133333333333333
16 0.4 0.532 0.072 0.07733333333333334
16 0.464 0.5973333333333334 0.108 0.128
16 0.7 0.6106666666666667 0.12 0.14933333333333335
16 0.763 0.628 0.058 0.104
16 0.98 0.5626666666666666 0.036 0.11733333333333333
16 0.3 0.5546666666666666 0.052 0.064
16 0.29 0.44666666666666666 0.036 0.04533333333333334
16 0.253 0.44 0.034 0.032
16 0.248 0.452 0.028 0.024
16 0.214 0.444 0.036 0.034666666666666665
16 0.183 0.44666666666666666 0.034 0.04
16 0.43 0.42933333333333334 0.032 0.037333333333333336
16 0.495 0.42933333333333334 0.042 0.042666666666666665
16 0.678 0.412 0.04 0.04533333333333334
16 0.612 0.376 0.024 0.021333333333333333
16 0.589 0.37466666666666665 0.022 0.024
16 0.021 0.468 0.042 0.034666666666666665
16 0.019 0.43866666666666665 0.034 0.029333333333333333
16 0.831 0.616 0.05 0.08
16 0.726 0.372 0.028 0.024
16 0.793 0.39066666666666666 0.03 0.029333333333333333
16 0.13 0.6213333333333333 0.096 0.112
16 0.588 0.616 0.052 0.08533333333333333
16 0.515 0.676 0.074 0.06133333333333333
16 0.621 0.532 0.018 0.04533333333333334
16 0.159 0.52 0.038 0.048
16 0.252 0.5426666666666666 0.048 0.04
16 0.219 0.5533333333333333 0.022 0.024
16 0.228 0.5866666666666667 0.032 0.032
16 0.279 0.6813333333333333 0.066 0.09333333333333334
16 0.367 0.644 0.094 0.14666666666666667
16 0.508 0.52 0.04 0.032
16 0.446 0.39466666666666667 0.02 0.021333333333333333
16 0.361 0.4013333333333333 0.026 0.024
16 0.387 0.396 0.018 0.018666666666666668
16 0.274 0.4026666666666667 0.024 0.021333333333333333
16 0.221 0.4106666666666667 0.022 0.021333333333333333
16 0.192 0.416 0.016 0.016
16 0.106 0.424 0.028 0.032
16 0.743 0.4066666666666667 0.014 0.034666666666666665
16 0.865 0.3973333333333333 0.018 0.037333333333333336
16 0.809 0.356 0.018 0.024
16 0.759 0.36 0.022 0.02666666666666667
16 0.704 0.3626666666666667 0.02 0.021333333333333333
16 0.73 0.36133333333333334 0.024 0.024
16 0.37 0.42933333333333334 0.028 0.032
16 0.314 0.4146666666666667 0.024 0.029333333333333333
16 0.246 0.4093333333333333 0.02 0.018666666666666668
16 0.159 0.4826666666666667 0.022 0.021333333333333333
16 0.055 0.4226666666666667 0.014 0.013333333333333334
16 0.084 0.4186666666666667 0.016 0.021333333333333333
16 0.084 0.444 0.024 0.024
16 0.028 0.42133333333333334 0.02 0.021333333333333333
16 0.478 0.45466666666666666 0.024 0.029333333333333333
16 0.872 0.596 0.06 0.136