14 0.742 0.7413333333333333 0.216 0.512
14 0.596 0.756 0.144 0.4826666666666667
14 0.693 0.5813333333333334 0.082 0.15466666666666667
14 0.655 0.428 0.15 0.17333333333333334
14 0.529 0.44 0.146 0.37866666666666665
14 0.48 0.644 0.132 0.3973333333333333
14 0.384 0.672 0.16 0.35733333333333334
14 0.193 0.652 0.158 0.3973333333333333
14 0.259 0.6253333333333333 0.102 0.376
14 0.32 0.56 0.092 0.21333333333333335
14 0.071 0.7 0.134 0.5146666666666667
14 0.031 0.696 0.062 0.5066666666666667
14 0.154 0.42133333333333334 0.028 0.037333333333333336
14 0.316 0.428 0.072 0.072