1 0.709 0.18618618618618618 0.022 0.07807807807807808
1 0.872 0.2072072072072072 0.024 0.0960960960960961
1 0.652 0.7417417417417418 0.288 0.5105105105105106
1 0.055 0.8363363363363363 0.11 0.3213213213213213
1 0.081 0.7987987987987988 0.162 0.3963963963963964
14 0.033 0.6666666666666666 0.066 0.6606606606606606
14 0.056 0.5225225225225225 0.112 0.5645645645645646
14 0.671 0.5495495495495496 0.23 0.8228228228228228
14 0.711 0.15765765765765766 0.022 0.06906906906906907
14 0.733 0.15915915915915915 0.026 0.11411411411411411
14 0.869 0.16666666666666666 0.026 0.09309309309309309
14 0.89 0.15465465465465467 0.024 0.1111111111111111
14 0.964 0.13663663663663664 0.032 0.08708708708708708