6 0.327 0.636 0.382 0.14666666666666667
6 0.485 0.536 0.154 0.112
6 0.431 0.5306666666666666 0.158 0.08
6 0.388 0.6906666666666667 0.392 0.14933333333333335
6 0.415 0.6226666666666667 0.206 0.09333333333333334
6 0.353 0.5506666666666666 0.25 0.09866666666666667
6 0.441 0.552 0.142 0.08533333333333333
6 0.747 0.5093333333333333 0.05 0.06933333333333333
6 0.821 0.508 0.122 0.08266666666666667
6 0.943 0.5213333333333333 0.11 0.08266666666666667
6 0.966 0.548 0.064 0.08266666666666667
6 0.421 0.4573333333333333 0.066 0.04533333333333334
6 0.854 0.5266666666666666 0.076 0.08266666666666667
6 0.368 0.7626666666666667 0.412 0.18666666666666668