1 0.625 0.708 0.126 0.296
1 0.418 0.8293333333333334 0.132 0.2986666666666667
1 0.299 0.7453333333333333 0.102 0.2853333333333333
1 0.923 0.42533333333333334 0.05 0.09866666666666667
1 0.704 0.37466666666666665 0.024 0.056
1 0.337 0.31066666666666665 0.018 0.04533333333333334
1 0.435 0.308 0.05 0.04
1 0.615 0.332 0.026 0.06133333333333333
14 0.427 0.6866666666666666 0.158 0.504
14 0.625 0.608 0.11 0.3893333333333333
14 0.303 0.624 0.13 0.448
14 0.926 0.38666666666666666 0.048 0.13866666666666666
14 0.709 0.3333333333333333 0.034 0.096
14 0.618 0.308 0.028 0.07733333333333334
14 0.34 0.2813333333333333 0.028 0.08266666666666667
14 0.436 0.284 0.036 0.072