13 0.956 0.6351351351351351 0.084 0.2012012012012012
13 0.157 0.6561561561561562 0.162 0.36936936936936937
13 0.032 0.7432432432432432 0.06 0.24924924924924924
13 0.317 0.7822822822822822 0.362 0.4294294294294294
13 0.712 0.7702702702702703 0.5 0.45345345345345345
14 0.035 0.6666666666666666 0.07 0.6186186186186187
14 0.047 0.5345345345345346 0.066 0.2822822822822823
14 0.657 0.46096096096096095 0.046 0.12912912912912913
14 0.68 0.4624624624624625 0.028 0.09009009009009009
14 0.31 0.6846846846846847 0.308 0.6246246246246246
14 0.734 0.7087087087087087 0.196 0.5765765765765766
14 0.557 0.5795795795795796 0.13 0.3183183183183183