15 0.928 0.708 0.14 0.296
15 0.06 0.38666666666666666 0.12 0.224
15 0.156 0.4186666666666667 0.108 0.13333333333333333
15 0.252 0.3506666666666667 0.12 0.09333333333333334
15 0.412 0.392 0.112 0.14933333333333335
15 0.523 0.37733333333333335 0.142 0.168
15 0.654 0.4053333333333333 0.072 0.096
15 0.797 0.38266666666666665 0.094 0.11466666666666667
15 0.887 0.36666666666666664 0.09 0.136
15 0.822 0.7933333333333333 0.104 0.17866666666666667
15 0.753 0.7 0.158 0.42933333333333334
15 0.688 0.8573333333333333 0.068 0.152
15 0.606 0.7653333333333333 0.124 0.21866666666666668
15 0.523 0.92 0.09 0.15466666666666667
15 0.348 0.6533333333333333 0.584 0.5386666666666666
15 0.144 0.9253333333333333 0.12 0.144