18 0.895 0.5666666666666667 0.206 0.07733333333333334
14 0.628 0.7053333333333334 0.036 0.11466666666666667
14 0.57 0.716 0.024 0.08266666666666667
14 0.539 0.7106666666666667 0.022 0.088
14 0.343 0.7066666666666667 0.034 0.10666666666666667
14 0.03 0.768 0.06 0.2986666666666667
14 0.984 0.7133333333333334 0.028 0.15733333333333333
14 0.52 0.696 0.024 0.07466666666666667
14 0.127 0.6893333333333334 0.018 0.08266666666666667
14 0.403 0.6866666666666666 0.018 0.056
14 0.386 0.68 0.02 0.06933333333333333
14 0.45 0.68 0.02 0.058666666666666666
14 0.248 0.6773333333333333 0.02 0.064
14 0.111 0.692 0.022 0.088
14 0.089 0.676 0.018 0.06133333333333333