14 0.432 0.7253333333333334 0.34 0.544
14 0.463 0.668 0.53 0.6266666666666667
14 0.213 0.33866666666666667 0.082 0.13333333333333333
14 0.236 0.356 0.124 0.17333333333333334
14 0.304 0.432 0.172 0.18666666666666668
14 0.394 0.45466666666666666 0.112 0.19466666666666665
14 0.126 0.6693333333333333 0.252 0.592
14 0.061 0.4226666666666667 0.122 0.17333333333333334
14 0.026 0.36133333333333334 0.052 0.17866666666666667
8 0.092 0.828 0.184 0.33866666666666667
8 0.201 0.9266666666666666 0.09 0.14133333333333334
10 0.767 0.8373333333333334 0.462 0.32
4 0.816 0.6853333333333333 0.044 0.10666666666666667
10 0.244 0.648 0.244 0.4746666666666667