19 0.182 0.6951951951951952 0.228 0.24924924924924924
19 0.586 0.6621621621621622 0.208 0.2552552552552553
19 0.436 0.5675675675675675 0.124 0.17417417417417416
19 0.191 0.5465465465465466 0.134 0.1021021021021021
19 0.18 0.4864864864864865 0.096 0.04804804804804805
19 0.173 0.4519519519519519 0.074 0.04504504504504504
19 0.291 0.46396396396396394 0.074 0.0990990990990991
19 0.357 0.5135135135135135 0.09 0.12012012012012012
19 0.551 0.46546546546546547 0.07 0.08408408408408409
19 0.657 0.484984984984985 0.094 0.10510510510510511
19 0.8 0.515015015015015 0.136 0.13513513513513514
19 0.9 0.4624624624624625 0.088 0.09009009009009009
19 0.941 0.503003003003003 0.114 0.12312312312312312
19 0.659 0.4369369369369369 0.078 0.02702702702702703
19 0.759 0.45045045045045046 0.074 0.07807807807807808
8 0.171 0.8963963963963963 0.266 0.2012012012012012
8 0.624 0.8708708708708709 0.216 0.25225225225225223
8 0.867 0.7147147147147147 0.15 0.34234234234234234
19 0.55 0.40540540540540543 0.064 0.07207207207207207
19 0.596 0.4189189189189189 0.064 0.06906906906906907