10 0.639 0.752 0.63 0.49066666666666664
14 0.372 0.676 0.516 0.6426666666666667
14 0.341 0.364 0.07 0.14666666666666667
14 0.868 0.6493333333333333 0.26 0.6213333333333333
14 0.733 0.47333333333333333 0.23 0.32266666666666666
14 0.679 0.436 0.13 0.31733333333333336
14 0.433 0.376 0.19 0.2826666666666667
4 0.515 0.5186666666666667 0.046 0.15733333333333333
8 0.073 0.844 0.074 0.30666666666666664
8 0.123 0.8053333333333333 0.038 0.14933333333333335
8 0.157 0.5893333333333334 0.046 0.12266666666666666
8 0.37 0.7786666666666666 0.072 0.144
8 0.97 0.8346666666666667 0.056 0.3253333333333333
14 0.032 0.7813333333333333 0.064 0.432