14 0.678 0.5413333333333333 0.308 0.4266666666666667
14 0.4 0.5213333333333333 0.312 0.472
14 0.177 0.6333333333333333 0.354 0.728
4 0.894 0.6386666666666667 0.048 0.22666666666666666
14 0.796 0.43333333333333335 0.1 0.264
14 0.911 0.4493333333333333 0.054 0.152
14 0.956 0.46 0.064 0.12
10 0.565 0.852 0.866 0.2906666666666667
14 0.28 0.428 0.06 0.09866666666666667
14 0.056 0.3626666666666667 0.112 0.18133333333333335
14 0.467 0.43066666666666664 0.062 0.07733333333333334
14 0.533 0.4533333333333333 0.038 0.08