3 0.49866666666666665 0.845 0.9973333333333333 0.298
3 0.5573333333333333 0.689 0.88 0.206
3 0.6026666666666667 0.496 0.7893333333333333 0.192
3 0.48933333333333334 0.179 0.376 0.086
3 0.44266666666666665 0.204 0.224 0.056
3 0.8546666666666667 0.295 0.2853333333333333 0.106
3 0.8986666666666666 0.215 0.19733333333333333 0.154
14 0.43333333333333335 0.415 0.06666666666666667 0.134
14 0.584 0.637 0.12266666666666666 0.206
14 0.26 0.617 0.168 0.222
3 0.388 0.276 0.152 0.08
3 0.07466666666666667 0.242 0.14933333333333335 0.108
3 0.228 0.2 0.20533333333333334 0.112
3 0.15466666666666667 0.245 0.15466666666666667 0.05
14 0.744 0.42 0.06933333333333333 0.124