16 0.833 0.46 0.066 0.19466666666666665
16 0.475 0.368 0.054 0.05333333333333334
16 0.503 0.38133333333333336 0.054 0.048
16 0.566 0.38666666666666666 0.056 0.05333333333333334
16 0.657 0.4026666666666667 0.082 0.05333333333333334
16 0.397 0.35733333333333334 0.042 0.02666666666666667
16 0.137 0.4666666666666667 0.078 0.16
16 0.135 0.44133333333333336 0.13 0.14666666666666667
16 0.209 0.4613333333333333 0.082 0.18133333333333335
16 0.288 0.444 0.148 0.17866666666666667
16 0.367 0.452 0.07 0.184
16 0.378 0.368 0.18 0.06933333333333333
16 0.471 0.48933333333333334 0.202 0.2
16 0.607 0.5106666666666667 0.182 0.23733333333333334
16 0.738 0.49466666666666664 0.096 0.23733333333333334
16 0.666 0.5266666666666666 0.192 0.2693333333333333
16 0.757 0.37733333333333335 0.046 0.04
16 0.622 0.36933333333333335 0.04 0.029333333333333333