1 0.157 0.5986666666666667 0.15 0.392
1 0.684 0.764 0.628 0.4666666666666667
1 0.373 0.7066666666666667 0.446 0.4533333333333333
14 0.945 0.6266666666666667 0.106 0.7093333333333334
14 0.697 0.6173333333333333 0.322 0.76
14 0.625 0.6973333333333334 0.194 0.49866666666666665
14 0.804 0.39866666666666667 0.092 0.32266666666666666
14 0.522 0.36133333333333334 0.02 0.08266666666666667
14 0.508 0.36533333333333334 0.012 0.07466666666666667
14 0.404 0.5733333333333334 0.212 0.7573333333333333
14 0.233 0.5066666666666667 0.118 0.5653333333333334