0 0.594 0.4984984984984985 0.808 0.996996996996997
0 0.267 0.2702702702702703 0.534 0.25825825825825827
0 0.494 0.07657657657657657 0.484 0.15315315315315314
0 0.884 0.4009009009009009 0.228 0.1111111111111111
0 0.155 0.6471471471471472 0.31 0.5555555555555556
0 0.601 0.19519519519519518 0.226 0.08408408408408409
14 0.866 0.6216216216216216 0.028 0.1021021021021021
14 0.84 0.5960960960960962 0.028 0.08108108108108109
14 0.706 0.5135135135135135 0.028 0.08408408408408409
14 0.784 0.5915915915915916 0.028 0.06606606606606606
14 0.749 0.5855855855855856 0.018 0.06606606606606606
14 0.759 0.5525525525525525 0.014 0.036036036036036036
14 0.772 0.551051051051051 0.02 0.03303303303303303
0 0.124 0.12012012012012012 0.224 0.13213213213213212