19 0.5989583333333334 0.24444444444444444 0.09375 0.09444444444444444
4 0.7447916666666666 0.35694444444444445 0.022916666666666665 0.09722222222222222
4 0.7645833333333333 0.3736111111111111 0.020833333333333332 0.06944444444444445
4 0.7791666666666667 0.3527777777777778 0.020833333333333332 0.08888888888888889
4 0.7989583333333333 0.3611111111111111 0.022916666666666665 0.09444444444444444
4 0.825 0.37222222222222223 0.016666666666666666 0.07777777777777778
4 0.8385416666666666 0.3736111111111111 0.014583333333333334 0.06388888888888888
4 0.9052083333333333 0.37083333333333335 0.022916666666666665 0.075
4 0.9208333333333333 0.3763888888888889 0.0125 0.06388888888888888
4 0.8885416666666667 0.36944444444444446 0.014583333333333334 0.07222222222222222
4 0.878125 0.3680555555555556 0.010416666666666666 0.06388888888888888
4 0.8520833333333333 0.35833333333333334 0.0125 0.05555555555555555
4 0.8645833333333334 0.37083333333333335 0.0125 0.06388888888888888
4 0.9354166666666667 0.25277777777777777 0.020833333333333332 0.07777777777777778
8 0.5739583333333333 0.7027777777777777 0.11041666666666666 0.3111111111111111
8 0.340625 0.8444444444444444 0.16458333333333333 0.17777777777777778
8 0.34375 0.875 0.24166666666666667 0.12777777777777777
8 0.7958333333333333 0.8291666666666667 0.24583333333333332 0.33611111111111114
10 0.9822916666666667 0.8625 0.03125 0.18055555555555555
10 0.5541666666666667 0.8138888888888889 0.24166666666666667 0.36666666666666664
10 0.325 0.9486111111111111 0.4666666666666667 0.09722222222222222
14 0.4197916666666667 0.7472222222222222 0.3145833333333333 0.5
14 0.6375 0.6958333333333333 0.35 0.5138888888888888