14 0.583 0.644 0.114 0.7013333333333334
14 0.495 0.652 0.11 0.536
14 0.386 0.6546666666666666 0.092 0.568
14 0.306 0.5973333333333334 0.284 0.608
14 0.318 0.604 0.068 0.5786666666666667
14 0.684 0.5466666666666666 0.08 0.09066666666666667
10 0.814 0.8413333333333334 0.36 0.312
8 0.292 0.8413333333333334 0.208 0.30666666666666664
8 0.242 0.872 0.228 0.25066666666666665
15 0.088 0.6786666666666666 0.176 0.376
8 0.679 0.6253333333333333 0.11 0.104
15 0.859 0.6213333333333333 0.126 0.18133333333333335
8 0.884 0.8306666666666667 0.188 0.18933333333333333
14 0.428 0.6106666666666667 0.048 0.4106666666666667