0 0.539 0.8678678678678678 0.542 0.25825825825825827
0 0.569 0.47297297297297297 0.858 0.40540540540540543
0 0.173 0.6366366366366366 0.262 0.15015015015015015
0 0.563 0.12162162162162163 0.79 0.24324324324324326
0 0.339 0.2912912912912913 0.198 0.08408408408408409
0 0.737 0.34384384384384387 0.118 0.08708708708708708
0 0.859 0.33483483483483484 0.09 0.08108108108108109
0 0.915 0.3663663663663664 0.166 0.14414414414414414
0 0.885 0.18018018018018017 0.226 0.21021021021021022
0 0.459 0.32732732732732733 0.126 0.07207207207207207
0 0.583 0.32732732732732733 0.106 0.06606606606606606
0 0.788 0.7567567567567568 0.26 0.23423423423423423
0 0.817 0.6516516516516516 0.254 0.12012012012012012
0 0.56 0.22072072072072071 0.096 0.07507507507507508
0 0.697 0.21021021021021022 0.126 0.07207207207207207
0 0.83 0.24174174174174173 0.156 0.06906906906906907
0 0.134 0.46846846846846846 0.072 0.07207207207207207
14 0.952 0.8288288288288288 0.024 0.06606606606606606
14 0.967 0.8468468468468469 0.026 0.0960960960960961
14 0.953 0.9444444444444444 0.03 0.10510510510510511
14 0.927 0.9474474474474475 0.034 0.0990990990990991
14 0.907 0.963963963963964 0.022 0.06606606606606606