14 0.619 0.66 0.118 0.4613333333333333
14 0.485 0.7546666666666667 0.074 0.336
14 0.787 0.6773333333333333 0.062 0.29333333333333333
14 0.834 0.6186666666666667 0.08 0.3626666666666667
14 0.883 0.6413333333333333 0.058 0.328
14 0.281 0.5146666666666667 0.086 0.3253333333333333
14 0.368 0.6786666666666666 0.108 0.408
12 0.311 0.704 0.45 0.48
12 0.738 0.6226666666666667 0.116 0.3333333333333333
6 0.875 0.47333333333333333 0.058 0.04533333333333334
6 0.798 0.472 0.052 0.05333333333333334
6 0.733 0.4786666666666667 0.054 0.04533333333333334
6 0.673 0.4693333333333333 0.074 0.05333333333333334
6 0.68 0.444 0.056 0.034666666666666665
6 0.564 0.452 0.076 0.04