1 0.713 0.5933333333333334 0.258 0.2
1 0.386 0.5853333333333334 0.192 0.17866666666666667
1 0.2 0.572 0.144 0.152
1 0.047 0.572 0.094 0.14133333333333334
14 0.714 0.5026666666666667 0.144 0.296
14 0.374 0.5186666666666667 0.112 0.28
14 0.187 0.5186666666666667 0.082 0.216
14 0.029 0.49866666666666665 0.058 0.16
14 0.944 0.44666666666666666 0.056 0.184
14 0.879 0.4573333333333333 0.042 0.152
14 0.848 0.43466666666666665 0.036 0.17066666666666666
14 0.804 0.44133333333333336 0.044 0.168
14 0.757 0.45466666666666666 0.042 0.104
14 0.627 0.4573333333333333 0.03 0.15733333333333333
14 0.606 0.48133333333333334 0.024 0.10933333333333334
14 0.462 0.4493333333333333 0.044 0.14133333333333334
14 0.256 0.43866666666666665 0.028 0.12
14 0.226 0.4053333333333333 0.024 0.05333333333333334
14 0.225 0.4573333333333333 0.034 0.104
14 0.125 0.4653333333333333 0.022 0.11466666666666667
14 0.104 0.4653333333333333 0.024 0.11466666666666667
14 0.988 0.42933333333333334 0.02 0.16