6 0.712 0.748 0.396 0.3546666666666667
14 0.6 0.724 0.108 0.5253333333333333
14 0.493 0.704 0.106 0.43733333333333335
14 0.402 0.6906666666666667 0.096 0.44266666666666665
14 0.323 0.6786666666666666 0.102 0.504
14 0.038 0.656 0.064 0.19733333333333333
14 0.098 0.6586666666666666 0.04 0.192
14 0.137 0.66 0.046 0.19466666666666665
6 0.102 0.6653333333333333 0.204 0.104
14 0.225 0.6533333333333333 0.018 0.08
14 0.242 0.656 0.02 0.07466666666666667
14 0.258 0.6586666666666666 0.02 0.06933333333333333
14 0.108 0.33466666666666667 0.076 0.17333333333333334
6 0.889 0.808 0.218 0.37866666666666665
6 0.888 0.6733333333333333 0.104 0.06666666666666667