8 0.338 0.17733333333333334 0.172 0.3546666666666667
8 0.154 0.2813333333333333 0.112 0.09333333333333334
8 0.265 0.25866666666666666 0.094 0.096
8 0.03 0.38133333333333336 0.06 0.13333333333333333
8 0.306 0.7693333333333333 0.6 0.456
8 0.149 0.7226666666666667 0.298 0.5493333333333333
8 0.652 0.7466666666666667 0.32 0.5013333333333333
8 0.809 0.6786666666666666 0.25 0.488
8 0.897 0.5053333333333333 0.13 0.25866666666666666
8 0.695 0.33866666666666667 0.266 0.31466666666666665
8 0.49 0.43866666666666665 0.292 0.38666666666666666
8 0.109 0.48933333333333334 0.174 0.168
8 0.532 0.2826666666666667 0.204 0.256
8 0.342 0.376 0.236 0.336
10 0.229 0.36533333333333334 0.362 0.128