2 0.708 0.684 0.076 0.17866666666666667
2 0.362 0.6893333333333334 0.192 0.136
2 0.424 0.524 0.156 0.11466666666666667
2 0.165 0.5133333333333333 0.15 0.13066666666666665
2 0.874 0.18133333333333335 0.16 0.13333333333333333
2 0.379 0.37466666666666665 0.194 0.10933333333333334
2 0.238 0.2986666666666667 0.164 0.10666666666666667
2 0.034 0.3413333333333333 0.068 0.13333333333333333
2 0.046 0.704 0.092 0.12266666666666666
2 0.518 0.856 0.156 0.20266666666666666
2 0.774 0.45466666666666666 0.076 0.136
2 0.943 0.624 0.11 0.06933333333333333
2 0.543 0.08933333333333333 0.102 0.104