5 0.412 0.5075075075075075 0.536 0.7867867867867868
5 0.087 0.45795795795795796 0.15 0.37537537537537535
6 0.068 0.575075075075075 0.08 0.1831831831831832
6 0.11 0.5780780780780781 0.072 0.1891891891891892
6 0.906 0.5165165165165165 0.076 0.06006006006006006
6 0.849 0.5075075075075075 0.062 0.04804804804804805
6 0.794 0.4984984984984985 0.06 0.036036036036036036
6 0.761 0.4954954954954955 0.038 0.036036036036036036
14 0.736 0.49099099099099097 0.028 0.06306306306306306
14 0.916 0.509009009009009 0.024 0.08108108108108109
14 0.516 0.3738738738738739 0.072 0.23123123123123124
14 0.407 0.3663663663663664 0.114 0.25225225225225223
14 0.347 0.37237237237237236 0.05 0.2222222222222222