10 0.496875 0.7289719626168224 0.9895833333333334 0.5233644859813084
15 0.6322916666666667 0.5420560747663551 0.19791666666666666 0.3426791277258567
15 0.24895833333333334 0.6246105919003115 0.18541666666666667 0.3333333333333333
14 0.8489583333333334 0.2897196261682243 0.14791666666666667 0.4797507788161994
14 0.6635416666666667 0.29127725856697817 0.16875 0.27102803738317754
14 0.6989583333333333 0.27102803738317754 0.07708333333333334 0.2118380062305296
8 0.15833333333333333 0.397196261682243 0.058333333333333334 0.20249221183800623
8 0.7458333333333333 0.32710280373831774 0.025 0.11838006230529595
8 0.5770833333333333 0.3411214953271028 0.1 0.1277258566978193
8 0.35625 0.37538940809968846 0.1 0.20249221183800623
8 0.25625 0.3598130841121495 0.10833333333333334 0.22118380062305296
8 0.078125 0.37850467289719625 0.07291666666666667 0.24610591900311526
8 0.04895833333333333 0.45638629283489096 0.09791666666666667 0.13395638629283488
8 0.515625 0.40654205607476634 0.10208333333333333 0.09034267912772585
10 0.41875 0.3161993769470405 0.32083333333333336 0.1277258566978193
10 0.058333333333333334 0.3878504672897196 0.11666666666666667 0.17757009345794392