8 0.923 0.412 0.05 0.06133333333333333
8 0.92 0.42133333333333334 0.032 0.048
8 0.96 0.5573333333333333 0.076 0.25066666666666665
8 0.822 0.47733333333333333 0.048 0.09066666666666667
8 0.919 0.6133333333333333 0.102 0.2613333333333333
8 0.973 0.5666666666666667 0.05 0.04533333333333334
8 0.819 0.6786666666666666 0.17 0.32266666666666666
8 0.862 0.8093333333333333 0.228 0.376
8 0.709 0.684 0.13 0.3546666666666667
8 0.72 0.76 0.136 0.3413333333333333
8 0.878 0.816 0.24 0.3626666666666667
8 0.738 0.9346666666666666 0.06 0.12533333333333332
8 0.49 0.9853333333333333 0.176 0.024
8 0.074 0.9853333333333333 0.108 0.024
10 0.959 0.5 0.078 0.19466666666666665
10 0.914 0.572 0.168 0.25866666666666666
10 0.809 0.7333333333333333 0.294 0.39466666666666667
10 0.364 0.856 0.48 0.2826666666666667
14 0.565 0.7106666666666667 0.282 0.5733333333333334
8 0.682 0.6906666666666667 0.024 0.08
14 0.468 0.38266666666666665 0.128 0.4026666666666667