9 0.193 0.6237864077669902 0.222 0.32524271844660196
9 0.383 0.5339805825242718 0.05 0.11650485436893204
9 0.52 0.5679611650485437 0.092 0.1650485436893204
9 0.561 0.5194174757281553 0.07 0.14563106796116504
9 0.654 0.5339805825242718 0.064 0.18446601941747573
9 0.608 0.5339805825242718 0.024 0.07766990291262135
9 0.745 0.529126213592233 0.038 0.06796116504854369
9 0.841 0.529126213592233 0.022 0.08737864077669903
9 0.326 0.5509708737864077 0.06 0.12135922330097088
9 0.881 0.5145631067961165 0.022 0.05825242718446602
9 0.861 0.5242718446601942 0.022 0.08737864077669903