3 0.923 0.5851063829787234 0.106 0.5
3 0.817 0.6196808510638298 0.102 0.4521276595744681
3 0.433 0.5904255319148937 0.138 0.48936170212765956
3 0.239 0.6303191489361702 0.09 0.3351063829787234
3 0.031 0.6462765957446809 0.058 0.2925531914893617
3 0.501 0.6648936170212766 0.07 0.22340425531914893
3 0.684 0.651595744680851 0.052 0.21808510638297873
3 0.617 0.6781914893617021 0.042 0.18617021276595744
3 0.422 0.6063829787234043 0.056 0.32978723404255317
3 0.291 0.6595744680851063 0.054 0.23404255319148937
3 0.36 0.7420212765957447 0.064 0.047872340425531915
3 0.766 0.648936170212766 0.088 0.3191489361702128
3 0.738 0.6436170212765957 0.068 0.30851063829787234
3 0.961 0.6595744680851063 0.066 0.23404255319148937