3 0.427 0.5493333333333333 0.294 0.048
3 0.355 0.5053333333333333 0.054 0.034666666666666665
14 0.506 0.5453333333333333 0.016 0.029333333333333333
14 0.48 0.5413333333333333 0.016 0.02666666666666667
14 0.459 0.5453333333333333 0.018 0.029333333333333333
14 0.435 0.5413333333333333 0.014 0.02666666666666667
14 0.407 0.5413333333333333 0.014 0.02666666666666667
14 0.384 0.54 0.016 0.024
14 0.366 0.54 0.016 0.024
14 0.346 0.5373333333333333 0.016 0.024
14 0.319 0.5373333333333333 0.018 0.024
14 0.346 0.504 0.012 0.021333333333333333
14 0.36 0.5026666666666667 0.016 0.024