12 0.5026666666666667 0.554 0.08266666666666667 0.144
12 0.584 0.546 0.09066666666666667 0.148
12 0.6506666666666666 0.523 0.07466666666666667 0.122
12 0.7666666666666667 0.564 0.10933333333333334 0.144
12 0.8626666666666667 0.547 0.11466666666666667 0.134
12 0.832 0.441 0.096 0.106
12 0.7186666666666667 0.488 0.06666666666666667 0.124
12 0.6613333333333333 0.451 0.08533333333333333 0.066
12 0.2853333333333333 0.479 0.042666666666666665 0.13
12 0.3453333333333333 0.53 0.088 0.152
12 0.034666666666666665 0.435 0.06933333333333333 0.13
14 0.03333333333333333 0.374 0.06133333333333333 0.06
14 0.2853333333333333 0.43 0.042666666666666665 0.08
14 0.344 0.478 0.07466666666666667 0.08
14 0.5066666666666667 0.492 0.07466666666666667 0.084
14 0.5893333333333334 0.482 0.064 0.056
14 0.6546666666666666 0.474 0.072 0.08
14 0.768 0.505 0.10666666666666667 0.09
14 0.86 0.494 0.08266666666666667 0.076
14 0.836 0.4 0.088 0.092
14 0.6773333333333333 0.415 0.05333333333333334 0.054
14 0.7253333333333334 0.407 0.042666666666666665 0.038