10 0.521 0.764 0.566 0.4666666666666667
4 0.466 0.49466666666666664 0.036 0.12
14 0.718 0.5133333333333333 0.224 0.42933333333333334
14 0.827 0.6213333333333333 0.146 0.464
14 0.917 0.6946666666666667 0.162 0.6053333333333333
14 0.125 0.7133333333333334 0.25 0.568
14 0.205 0.616 0.23 0.6293333333333333
14 0.258 0.516 0.172 0.392
14 0.558 0.304 0.076 0.43733333333333335
14 0.68 0.204 0.12 0.20533333333333334
14 0.593 0.16 0.094 0.176
14 0.842 0.26666666666666666 0.068 0.13333333333333333
14 0.907 0.21733333333333332 0.038 0.08266666666666667
14 0.97 0.24133333333333334 0.044 0.136
14 0.936 0.23733333333333334 0.044 0.12266666666666666
10 0.921 0.356 0.154 0.07733333333333334