6 0.922 0.44594594594594594 0.152 0.2672672672672673
1 0.535 0.6996996996996997 0.422 0.32432432432432434
13 0.8 0.34534534534534533 0.148 0.12012012012012012
14 0.797 0.3048048048048048 0.066 0.13513513513513514
14 0.567 0.5780780780780781 0.162 0.47147147147147145
5 0.102 0.33783783783783783 0.204 0.38738738738738737
5 0.268 0.23573573573573572 0.232 0.14714714714714713
5 0.822 0.18768768768768768 0.352 0.2732732732732733
6 0.323 0.2852852852852853 0.174 0.09009009009009009
6 0.479 0.24924924924924924 0.066 0.05405405405405406
6 0.429 0.23873873873873874 0.082 0.06906906906906907
6 0.527 0.24474474474474475 0.062 0.04504504504504504
6 0.545 0.25225225225225223 0.03 0.042042042042042045
6 0.603 0.23873873873873874 0.042 0.06306306306306306
6 0.632 0.24174174174174173 0.04 0.05105105105105105