14 0.603 0.5893333333333334 0.222 0.512
14 0.307 0.5266666666666666 0.314 0.6053333333333333
4 0.243 0.8066666666666666 0.066 0.13066666666666665
4 0.038 0.7973333333333333 0.076 0.2773333333333333
4 0.341 0.8373333333333334 0.062 0.23466666666666666
4 0.51 0.864 0.064 0.26666666666666666
8 0.859 0.752 0.222 0.208
8 0.857 0.6 0.158 0.15466666666666667
8 0.09 0.6946666666666667 0.18 0.23733333333333334
8 0.027 0.48 0.054 0.16533333333333333
8 0.136 0.472 0.108 0.064
10 0.499 0.9 0.998 0.19466666666666665