14 0.4866666666666667 0.534 0.17866666666666667 0.416
13 0.108 0.771 0.216 0.326
13 0.168 0.575 0.22933333333333333 0.286
13 0.6373333333333333 0.512 0.128 0.152
15 0.86 0.613 0.13066666666666665 0.174
15 0.7706666666666667 0.605 0.11733333333333333 0.15
15 0.30933333333333335 0.557 0.09066666666666667 0.086
15 0.33866666666666667 0.492 0.058666666666666666 0.06
15 0.356 0.418 0.09333333333333334 0.08
14 0.42133333333333334 0.416 0.048 0.092
15 0.9546666666666667 0.904 0.08533333333333333 0.188
15 0.9306666666666666 0.869 0.13333333333333333 0.15