3 0.863 0.5306666666666666 0.094 0.09066666666666667
3 0.84 0.5053333333333333 0.016 0.024
3 0.854 0.504 0.012 0.021333333333333333
3 0.861 0.49866666666666665 0.01 0.021333333333333333
3 0.804 0.5013333333333333 0.012 0.021333333333333333
3 0.764 0.48133333333333334 0.06 0.034666666666666665
3 0.495 0.532 0.118 0.136
3 0.248 0.508 0.06 0.06133333333333333
3 0.076 0.508 0.044 0.050666666666666665
3 0.612 0.5226666666666666 0.064 0.058666666666666666
3 0.476 0.5093333333333333 0.036 0.042666666666666665
3 0.448 0.5026666666666667 0.036 0.034666666666666665
3 0.536 0.48933333333333334 0.04 0.024
3 0.558 0.48 0.044 0.032