2 0.526 0.23511904761904762 0.084 0.07738095238095238
2 0.577 0.8541666666666666 0.066 0.05952380952380952
2 0.657 0.8184523809523809 0.054 0.047619047619047616
2 0.837 0.8139880952380952 0.054 0.05654761904761905
2 0.95 0.7782738095238095 0.044 0.044642857142857144
2 0.93 0.7738095238095238 0.044 0.047619047619047616
2 0.893 0.7261904761904762 0.038 0.041666666666666664
2 0.867 0.6949404761904762 0.022 0.03273809523809524
2 0.835 0.7247023809523809 0.018 0.03869047619047619
2 0.817 0.7485119047619048 0.018 0.044642857142857144
2 0.655 0.7514880952380952 0.03 0.044642857142857144
2 0.656 0.71875 0.04 0.03869047619047619
2 0.629 0.7098214285714286 0.042 0.044642857142857144
2 0.587 0.7038690476190477 0.034 0.044642857142857144
2 0.619 0.6815476190476191 0.03 0.03571428571428571
2 0.563 0.6651785714285714 0.03 0.03869047619047619
2 0.503 0.7202380952380952 0.038 0.041666666666666664
2 0.42 0.6934523809523809 0.036 0.03571428571428571
2 0.52 0.6666666666666666 0.036 0.03571428571428571
2 0.364 0.7470238095238095 0.048 0.047619047619047616
2 0.346 0.7127976190476191 0.032 0.044642857142857144
2 0.495 0.6889880952380952 0.034 0.03273809523809524
2 0.494 0.6726190476190477 0.032 0.023809523809523808
2 0.415 0.6547619047619048 0.026 0.03571428571428571
2 0.368 0.6800595238095238 0.032 0.03869047619047619
2 0.378 0.6636904761904762 0.028 0.02976190476190476
2 0.385 0.6443452380952381 0.03 0.03273809523809524
2 0.338 0.6294642857142857 0.02 0.03273809523809524
2 0.304 0.65625 0.028 0.03273809523809524
2 0.214 0.7261904761904762 0.04 0.041666666666666664
2 0.174 0.7038690476190477 0.04 0.044642857142857144
2 0.199 0.6889880952380952 0.026 0.03869047619047619
2 0.246 0.6473214285714286 0.024 0.03869047619047619
2 0.22 0.6443452380952381 0.028 0.044642857142857144
2 0.172 0.6220238095238095 0.028 0.03571428571428571
2 0.034 0.6458333333333334 0.02 0.03571428571428571
2 0.065 0.6860119047619048 0.038 0.050595238095238096
2 0.119 0.6785714285714286 0.034 0.041666666666666664
2 0.117 0.6458333333333334 0.034 0.03571428571428571
2 0.093 0.6711309523809523 0.038 0.03273809523809524
2 0.088 0.6547619047619048 0.032 0.03571428571428571
2 0.292 0.6800595238095238 0.044 0.044642857142857144