14 0.104 0.6604095563139932 0.208 0.5972696245733788
8 0.097 0.7986348122866894 0.162 0.36177474402730375
14 0.249 0.537542662116041 0.094 0.20136518771331058
14 0.357 0.621160409556314 0.15 0.7508532423208191
14 0.728 0.7918088737201365 0.176 0.40955631399317405
14 0.761 0.6979522184300341 0.11 0.2150170648464164
14 0.92 0.7133105802047781 0.156 0.26621160409556316
8 0.917 0.9112627986348123 0.162 0.17064846416382254
8 0.677 0.8720136518771331 0.106 0.24232081911262798
14 0.524 0.7372013651877133 0.124 0.5187713310580204
14 0.458 0.6075085324232082 0.056 0.20477815699658702