14 0.751 0.436 0.282 0.44
14 0.2 0.6253333333333333 0.344 0.744
8 0.168 0.828 0.336 0.33866666666666667
8 0.498 0.8853333333333333 0.264 0.224
8 0.031 0.5973333333333334 0.062 0.128
8 0.292 0.4746666666666667 0.096 0.07466666666666667
8 0.407 0.46 0.086 0.15733333333333333
8 0.866 0.412 0.052 0.06666666666666667
8 0.631 0.37866666666666665 0.062 0.05333333333333334
10 0.668 0.5866666666666667 0.656 0.4266666666666667
8 0.41 0.44666666666666666 0.14 0.14133333333333334
10 0.432 0.728 0.864 0.5386666666666666
14 0.537 0.4066666666666667 0.23 0.3546666666666667