10 0.366 0.7893333333333333 0.6 0.416
8 0.545 0.7906666666666666 0.258 0.41333333333333333
8 0.601 0.576 0.102 0.14933333333333335
8 0.447 0.556 0.078 0.12
8 0.182 0.5706666666666667 0.1 0.112
8 0.141 0.7866666666666666 0.222 0.42133333333333334
8 0.24 0.8 0.276 0.39466666666666667
8 0.08 0.536 0.056 0.10666666666666667
8 0.013 0.5546666666666666 0.026 0.10666666666666667
15 0.752 0.04533333333333334 0.124 0.09066666666666667
15 0.488 0.136 0.164 0.192
15 0.789 0.592 0.138 0.18133333333333335
4 0.708 0.188 0.032 0.10933333333333334
4 0.691 0.18933333333333333 0.026 0.10133333333333333
4 0.676 0.19466666666666665 0.024 0.10133333333333333
15 0.796 0.164 0.092 0.09333333333333334