4 0.03 0.7533333333333333 0.06 0.3333333333333333
4 0.076 0.7333333333333333 0.092 0.3253333333333333
4 0.138 0.7093333333333334 0.1 0.33066666666666666
4 0.212 0.6933333333333334 0.088 0.30933333333333335
4 0.286 0.6666666666666666 0.092 0.336
4 0.35 0.6546666666666666 0.108 0.328
4 0.423 0.6306666666666667 0.098 0.3333333333333333
4 0.501 0.612 0.086 0.3333333333333333
4 0.581 0.5866666666666667 0.102 0.336
4 0.66 0.568 0.104 0.3466666666666667
4 0.736 0.5266666666666666 0.096 0.37066666666666664
4 0.827 0.5053333333333333 0.098 0.37066666666666664
4 0.911 0.484 0.098 0.376
4 0.975 0.444 0.046 0.408