10 0.673 0.9117647058823529 0.418 0.1711229946524064
8 0.401 0.9772727272727273 0.122 0.040106951871657755
8 0.47 0.8716577540106952 0.12 0.25133689839572193
15 0.739 0.6149732620320856 0.386 0.40641711229946526
15 0.234 0.6377005347593583 0.104 0.3235294117647059
8 0.392 0.6644385026737968 0.124 0.19518716577540107
8 0.549 0.6644385026737968 0.122 0.18983957219251338
17 0.461 0.5307486631016043 0.174 0.10962566844919786
15 0.449 0.5347593582887701 0.054 0.11764705882352941
15 0.566 0.4959893048128342 0.04 0.034759358288770054
8 0.251 0.6229946524064172 0.134 0.18181818181818182
8 0.285 0.5882352941176471 0.11 0.15508021390374332
15 0.308 0.4852941176470588 0.104 0.15775401069518716