6 0.966 0.524 0.02 0.029333333333333333
6 0.942 0.5253333333333333 0.032 0.037333333333333336
6 0.903 0.5306666666666666 0.046 0.042666666666666665
6 0.869 0.5266666666666666 0.018 0.04533333333333334
5 0.517 0.5053333333333333 0.686 0.6746666666666666
14 0.611 0.456 0.07 0.10666666666666667
6 0.098 0.6066666666666667 0.188 0.14666666666666667
6 0.022 0.6293333333333333 0.044 0.14933333333333335
14 0.351 0.4226666666666667 0.102 0.136
14 0.411 0.44533333333333336 0.066 0.144
14 0.922 0.7426666666666667 0.056 0.216
14 0.972 0.704 0.052 0.31466666666666665
14 0.991 0.556 0.014 0.09866666666666667
6 0.866 0.5866666666666667 0.02 0.08533333333333333