6 0.027 0.17866666666666667 0.054 0.08533333333333333
6 0.082 0.17866666666666667 0.108 0.09066666666666667
6 0.189 0.176 0.146 0.11733333333333333
6 0.281 0.14 0.11 0.12533333333333332
14 0.257 0.15866666666666668 0.026 0.13066666666666665
14 0.285 0.16 0.038 0.128
6 0.37 0.12933333333333333 0.088 0.072
6 0.434 0.124 0.044 0.06133333333333333
6 0.475 0.11733333333333333 0.066 0.08533333333333333
6 0.638 0.14133333333333334 0.116 0.09066666666666667
6 0.763 0.14933333333333335 0.174 0.10133333333333333
6 0.914 0.14133333333333334 0.168 0.13333333333333333
13 0.468 0.612 0.62 0.68
14 0.513 0.4826666666666667 0.31 0.8853333333333333