8 0.737 0.6497005988023952 0.15 0.24550898203592814
8 0.699 0.6302395209580839 0.13 0.2125748502994012
8 0.504 0.7080838323353293 0.14 0.24850299401197604
8 0.277 0.655688622754491 0.154 0.23353293413173654
8 0.295 0.6272455089820359 0.134 0.20658682634730538
15 0.673 0.5508982035928144 0.134 0.1377245508982036
15 0.349 0.5883233532934131 0.13 0.19461077844311378
17 0.512 0.6017964071856288 0.192 0.19760479041916168
15 0.598 0.47305389221556887 0.064 0.041916167664670656
15 0.422 0.47754491017964074 0.052 0.05688622754491018
15 0.692 0.4161676646706587 0.152 0.17964071856287425
15 0.347 0.42065868263473055 0.242 0.20658682634730538