10 0.291 0.678763440860215 0.09 0.09946236559139784
14 0.213 0.8104838709677419 0.126 0.3521505376344086
14 0.349 0.6854838709677419 0.09 0.13978494623655913
14 0.411 0.821236559139785 0.174 0.3521505376344086
14 0.451 0.6626344086021505 0.046 0.07795698924731183
14 0.512 0.760752688172043 0.108 0.25806451612903225
10 0.311 0.7916666666666666 0.158 0.07258064516129033
10 0.485 0.6115591397849462 0.058 0.06720430107526881
14 0.576 0.5940860215053764 0.048 0.11827956989247312
14 0.563 0.7083333333333334 0.098 0.30376344086021506
14 0.63 0.6922043010752689 0.06 0.28763440860215056
14 0.701 0.6922043010752689 0.094 0.2768817204301075
10 0.602 0.7513440860215054 0.084 0.19623655913978494
14 0.984 0.47446236559139787 0.028 0.08333333333333333
14 0.803 0.581989247311828 0.046 0.051075268817204304
14 0.766 0.6303763440860215 0.072 0.1532258064516129
14 0.836 0.625 0.06 0.12096774193548387
14 0.952 0.5591397849462365 0.06 0.08064516129032258
14 0.96 0.6061827956989247 0.076 0.12634408602150538
14 0.937 0.6209677419354839 0.106 0.12365591397849462
6 0.863 0.5416666666666666 0.27 0.10483870967741936
10 0.847 0.6384408602150538 0.134 0.07258064516129033
10 0.895 0.7244623655913979 0.206 0.08333333333333333
10 0.861 0.8830645161290323 0.274 0.22849462365591397