4 0.9786666666666667 0.739 0.037333333333333336 0.066
4 0.9533333333333334 0.719 0.088 0.094
4 0.9146666666666666 0.714 0.096 0.084
4 0.8733333333333333 0.708 0.09866666666666667 0.084
4 0.8306666666666667 0.707 0.10933333333333334 0.074
4 0.968 0.844 0.058666666666666666 0.084
4 0.9426666666666667 0.84 0.09333333333333334 0.084
4 0.9026666666666666 0.832 0.09866666666666667 0.08
4 0.8573333333333333 0.826 0.10933333333333334 0.08
4 0.82 0.82 0.104 0.072
4 0.8386666666666667 0.938 0.10933333333333334 0.08