10 0.745 0.8626666666666667 0.506 0.2693333333333333
8 0.202 0.8146666666666667 0.404 0.36533333333333334
8 0.917 0.652 0.098 0.184
10 0.463 0.5413333333333333 0.09 0.06933333333333333
14 0.097 0.4146666666666667 0.118 0.36
15 0.595 0.2946666666666667 0.018 0.04
15 0.566 0.2826666666666667 0.036 0.064
15 0.468 0.2813333333333333 0.076 0.072
8 0.71 0.648 0.344 0.18666666666666668
14 0.295 0.416 0.058 0.06933333333333333
14 0.767 0.4066666666666667 0.038 0.056
14 0.513 0.424 0.058 0.12266666666666666
14 0.542 0.504 0.16 0.3626666666666667
14 0.704 0.49466666666666664 0.244 0.49333333333333335
14 0.289 0.648 0.418 0.6986666666666667
15 0.166 0.4746666666666667 0.064 0.144