4 0.033 0.28 0.034 0.096
8 0.091 0.5573333333333333 0.138 0.4
10 0.122 0.3293333333333333 0.244 0.136
14 0.468 0.24933333333333332 0.12 0.45066666666666666
8 0.821 0.30933333333333335 0.058 0.18666666666666668
8 0.905 0.4013333333333333 0.122 0.2693333333333333
14 0.882 0.196 0.112 0.27466666666666667
14 0.924 0.25866666666666666 0.148 0.35733333333333334
4 0.479 0.9013333333333333 0.074 0.192
8 0.921 0.5133333333333333 0.11 0.19466666666666665
10 0.547 0.7866666666666666 0.902 0.42133333333333334
14 0.264 0.464 0.388 0.672
14 0.641 0.4266666666666667 0.31 0.5493333333333333