16 0.36 0.5866666666666667 0.212 0.4266666666666667
16 0.55 0.608 0.164 0.31466666666666665
16 0.666 0.5146666666666667 0.076 0.19733333333333333
16 0.821 0.6213333333333333 0.114 0.22933333333333333
6 0.823 0.108 0.158 0.088
14 0.037 0.54 0.074 0.9146666666666666
14 0.505 0.3626666666666667 0.07 0.25066666666666665
14 0.578 0.3973333333333333 0.068 0.17066666666666666
14 0.639 0.46266666666666667 0.074 0.33866666666666667
14 0.694 0.4226666666666667 0.072 0.30133333333333334
14 0.793 0.38533333333333336 0.154 0.28
14 0.948 0.516 0.1 0.376
14 0.974 0.6013333333333334 0.048 0.43466666666666665