4 0.544 0.6026666666666667 0.036 0.09066666666666667
4 0.601 0.45866666666666667 0.026 0.058666666666666666
4 0.522 0.5573333333333333 0.032 0.07466666666666667
4 0.571 0.5693333333333334 0.022 0.056
4 0.431 0.5773333333333334 0.018 0.050666666666666665
14 0.684 0.428 0.112 0.312
14 0.66 0.6813333333333333 0.192 0.456
14 0.37 0.584 0.12 0.21333333333333335
14 0.426 0.49066666666666664 0.036 0.06933333333333333
14 0.496 0.516 0.124 0.21066666666666667
14 0.633 0.5653333333333334 0.102 0.14933333333333335