1 0.35 0.7012012012012012 0.412 0.4294294294294294
14 0.318 0.5840840840840841 0.1 0.5135135135135135
14 0.075 0.481981981981982 0.094 0.22522522522522523
6 0.848 0.37537537537537535 0.052 0.036036036036036036
6 0.934 0.3738738738738739 0.056 0.03303303303303303
6 0.793 0.37537537537537535 0.034 0.036036036036036036
6 0.731 0.3738738738738739 0.046 0.03903903903903904
6 0.684 0.37537537537537535 0.048 0.042042042042042045
6 0.59 0.37987987987987987 0.048 0.03903903903903904
6 0.546 0.3813813813813814 0.036 0.042042042042042045
6 0.637 0.38288288288288286 0.042 0.03903903903903904
6 0.505 0.3813813813813814 0.042 0.036036036036036036