8 0.612 0.5606936416184971 0.772 0.8728323699421965
8 0.454 0.4869942196531792 0.82 0.8526011560693642
8 0.205 0.17485549132947978 0.41 0.34971098265895956
8 0.123 0.1676300578034682 0.246 0.3352601156069364
8 0.327 0.35260115606936415 0.654 0.7052023121387283
8 0.042 0.09248554913294797 0.084 0.18497109826589594
14 0.197 0.3829479768786127 0.394 0.5346820809248555
14 0.313 0.17485549132947978 0.49 0.2976878612716763
14 0.339 0.38439306358381503 0.622 0.6127167630057804
14 0.443 0.4754335260115607 0.626 0.7485549132947977
14 0.656 0.5563583815028902 0.592 0.8815028901734104