6 0.15833333333333333 0.7194444444444444 0.07916666666666666 0.08333333333333333
14 0.3177083333333333 0.7083333333333334 0.035416666666666666 0.09444444444444444
14 0.35625 0.7111111111111111 0.029166666666666667 0.08888888888888889
14 0.7291666666666666 0.7486111111111111 0.029166666666666667 0.06944444444444445
14 0.5854166666666667 0.7444444444444445 0.016666666666666666 0.05555555555555555
14 0.6010416666666667 0.7486111111111111 0.014583333333333334 0.04722222222222222
6 0.190625 0.7041666666666667 0.03958333333333333 0.058333333333333334
6 0.21145833333333333 0.7027777777777777 0.01875 0.022222222222222223
6 0.23229166666666667 0.6972222222222222 0.01875 0.022222222222222223
14 0.26458333333333334 0.6986111111111111 0.004166666666666667 0.019444444444444445
14 0.271875 0.7 0.00625 0.016666666666666666
6 0.25833333333333336 0.6986111111111111 0.0125 0.013888888888888888