8 0.905 0.5853333333333334 0.066 0.13066666666666665
8 0.945 0.6106666666666667 0.086 0.18133333333333335
8 0.532 0.528 0.068 0.10133333333333333
8 0.661 0.5253333333333333 0.046 0.10666666666666667
8 0.046 0.5893333333333334 0.092 0.17066666666666666
14 0.754 0.5066666666666667 0.12 0.15466666666666667
14 0.623 0.508 0.13 0.152
14 0.497 0.5106666666666667 0.094 0.14133333333333334
14 0.4 0.5066666666666667 0.104 0.16533333333333333
14 0.291 0.5066666666666667 0.114 0.15466666666666667
8 0.023 0.608 0.046 0.176