14 0.7093333333333334 0.696 0.5706666666666667 0.528
14 0.18266666666666667 0.392 0.36533333333333334 0.652
14 0.6653333333333333 0.246 0.36533333333333334 0.492
14 0.892 0.153 0.14666666666666667 0.306
14 0.9666666666666667 0.219 0.056 0.262
14 0.4013333333333333 0.126 0.16266666666666665 0.252
14 0.2733333333333333 0.143 0.22666666666666666 0.286
14 0.08 0.096 0.14933333333333335 0.192
14 0.025333333333333333 0.097 0.050666666666666665 0.194
15 0.07333333333333333 0.705 0.14666666666666667 0.394
15 0.296 0.45 0.256 0.396
14 0.8786666666666667 0.146 0.10933333333333334 0.292
15 0.9106666666666666 0.452 0.17333333333333334 0.248