4 0.525 0.6656626506024096 0.022 0.10843373493975904
14 0.154 0.7078313253012049 0.204 0.5783132530120482
14 0.122 0.713855421686747 0.22 0.5662650602409639
14 0.041 0.6897590361445783 0.082 0.6144578313253012
14 0.199 0.49698795180722893 0.066 0.18674698795180722
14 0.262 0.5030120481927711 0.112 0.4879518072289157
14 0.356 0.4352409638554217 0.136 0.4427710843373494
14 0.479 0.42771084337349397 0.142 0.4397590361445783
14 0.577 0.6204819277108434 0.186 0.5542168674698795
14 0.587 0.6762048192771084 0.318 0.641566265060241
14 0.837 0.7379518072289156 0.234 0.5180722891566265
14 0.902 0.5512048192771084 0.152 0.3493975903614458
10 0.533 0.8177710843373494 0.41 0.35843373493975905
4 0.393 0.8704819277108434 0.046 0.060240963855421686