14 0.24 0.6186666666666667 0.064 0.24
14 0.386 0.7106666666666667 0.076 0.184
14 0.419 0.588 0.058 0.22133333333333333
14 0.448 0.596 0.052 0.22133333333333333
14 0.504 0.596 0.052 0.184
14 0.555 0.584 0.054 0.192
14 0.615 0.5786666666666667 0.054 0.19733333333333333
14 0.683 0.5653333333333334 0.058 0.20266666666666666
14 0.736 0.5493333333333333 0.04 0.18666666666666668
1 0.833 0.8533333333333334 0.158 0.112
1 0.967 0.6773333333333333 0.062 0.112
1 0.876 0.78 0.112 0.11466666666666667
1 0.965 0.8386666666666667 0.066 0.06666666666666667
1 0.944 0.7586666666666667 0.108 0.072