16 0.542 0.8448275862068966 0.412 0.3050397877984085
16 0.553 0.20954907161803712 0.246 0.32891246684350134
14 0.496 0.48143236074270557 0.224 0.506631299734748
14 0.036 0.33687002652519893 0.072 0.38726790450928383
14 0.073 0.1909814323607427 0.146 0.3819628647214854
14 0.249 0.09283819628647215 0.106 0.1856763925729443
14 0.263 0.05305039787798409 0.138 0.10610079575596817
14 0.422 0.1273209549071618 0.116 0.2546419098143236
14 0.604 0.042440318302387266 0.072 0.08488063660477453
14 0.882 0.34084880636604775 0.16 0.3952254641909814
14 0.862 0.29442970822281167 0.272 0.4880636604774536
14 0.925 0.6061007957559682 0.146 0.7824933687002652
14 0.967 0.05305039787798409 0.062 0.10610079575596817