8 0.78 0.891459074733096 0.296 0.2099644128113879
8 0.097 0.8629893238434164 0.098 0.2669039145907473
10 0.302 0.8879003558718861 0.412 0.21708185053380782
8 0.214 0.9661921708185054 0.22 0.060498220640569395
8 0.385 0.7704626334519573 0.142 0.046263345195729534
4 0.225 0.04448398576512456 0.018 0.08896797153024912
4 0.204 0.04092526690391459 0.016 0.08185053380782918
4 0.181 0.04092526690391459 0.022 0.08185053380782918
4 0.159 0.03914590747330961 0.022 0.07829181494661921
4 0.135 0.033807829181494664 0.022 0.06761565836298933
4 0.312 0.4501779359430605 0.016 0.06761565836298933
4 0.484 0.4928825622775801 0.012 0.07473309608540925
4 0.469 0.48398576512455516 0.014 0.05693950177935943