15 0.785 0.33866666666666667 0.262 0.39466666666666667
8 0.702 0.8026666666666666 0.24 0.3893333333333333
14 0.634 0.5106666666666667 0.176 0.28
14 0.345 0.6786666666666666 0.222 0.6
14 0.167 0.42933333333333334 0.082 0.26666666666666666
14 0.202 0.4026666666666667 0.024 0.048
14 0.234 0.44266666666666665 0.048 0.11733333333333333
14 0.271 0.4146666666666667 0.046 0.050666666666666665
14 0.319 0.408 0.034 0.05333333333333334
14 0.403 0.42533333333333334 0.038 0.09333333333333334
14 0.435 0.41333333333333333 0.022 0.037333333333333336
14 0.465 0.4266666666666667 0.038 0.06933333333333333
14 0.545 0.42133333333333334 0.058 0.09066666666666667
8 0.279 0.78 0.274 0.43466666666666665
8 0.946 0.8266666666666667 0.104 0.3413333333333333
8 0.963 0.584 0.07 0.144
8 0.774 0.5733333333333334 0.112 0.13866666666666666
8 0.048 0.508 0.052 0.14133333333333334
8 0.104 0.49733333333333335 0.052 0.13066666666666665
8 0.228 0.49466666666666664 0.056 0.11466666666666667
8 0.411 0.46266666666666667 0.026 0.07733333333333334
4 0.538 0.536 0.04 0.16
4 0.492 0.48533333333333334 0.02 0.064