12 0.158 0.62 0.292 0.4666666666666667
12 0.378 0.636 0.256 0.49866666666666665
14 0.238 0.6093333333333333 0.068 0.312
14 0.21 0.7066666666666667 0.124 0.5813333333333334
14 0.722 0.5373333333333333 0.084 0.33866666666666667
14 0.636 0.372 0.048 0.08266666666666667
14 0.586 0.368 0.02 0.08533333333333333
14 0.603 0.36933333333333335 0.034 0.07733333333333334
14 0.311 0.38666666666666666 0.026 0.037333333333333336
14 0.341 0.376 0.026 0.037333333333333336
14 0.374 0.36533333333333334 0.024 0.048
14 0.398 0.3426666666666667 0.02 0.024