8 0.674 0.616 0.056 0.18133333333333335
8 0.615 0.5306666666666666 0.046 0.12266666666666666
8 0.231 0.6386666666666667 0.066 0.17333333333333334
8 0.275 0.556 0.054 0.152
8 0.335 0.4266666666666667 0.026 0.096
8 0.346 0.396 0.024 0.072
8 0.365 0.364 0.022 0.04
8 0.535 0.4026666666666667 0.038 0.112
10 0.463 0.732 0.642 0.5306666666666666
10 0.44 0.412 0.188 0.12533333333333332
10 0.867 0.43333333333333335 0.262 0.19466666666666665
10 0.039 0.45066666666666666 0.078 0.13866666666666666
8 0.016 0.45466666666666666 0.032 0.12
14 0.1 0.6666666666666666 0.2 0.6613333333333333
14 0.849 0.6466666666666666 0.298 0.6373333333333333