6 0.685 0.5921450151057401 0.266 0.2054380664652568
6 0.232 0.7114803625377644 0.464 0.46827794561933533
6 0.368 0.5498489425981873 0.244 0.15709969788519637
6 0.514 0.5015105740181269 0.14 0.07854984894259819
6 0.197 0.4637462235649547 0.102 0.06948640483383686
6 0.793 0.5302114803625377 0.05 0.0755287009063444
6 0.062 0.45317220543806647 0.124 0.06646525679758308
6 0.472 0.48338368580060426 0.088 0.06646525679758308
6 0.983 0.5453172205438066 0.03 0.0755287009063444
6 0.766 0.4909365558912387 0.084 0.05740181268882175
5 0.724 0.4561933534743202 0.184 0.09667673716012085