1 0.319 0.6853333333333333 0.422 0.3466666666666667
6 0.686 0.6053333333333333 0.096 0.06933333333333333
6 0.774 0.604 0.072 0.06666666666666667
6 0.543 0.608 0.082 0.08
6 0.07 0.6066666666666667 0.14 0.09866666666666667
6 0.111 0.6133333333333333 0.162 0.09066666666666667
14 0.288 0.58 0.196 0.568
14 0.545 0.62 0.026 0.088
14 0.938 0.6093333333333333 0.024 0.10933333333333334
14 0.923 0.6146666666666667 0.026 0.09866666666666667
14 0.903 0.5933333333333334 0.022 0.072
6 0.625 0.5946666666666667 0.046 0.042666666666666665