6 0.244 0.27066666666666667 0.176 0.184
13 0.529 0.5906666666666667 0.938 0.8133333333333334
13 0.078 0.5893333333333334 0.156 0.5973333333333334
13 0.585 0.328 0.138 0.192
6 0.437 0.212 0.07 0.06133333333333333
13 0.825 0.384 0.138 0.31466666666666665
13 0.499 0.3253333333333333 0.086 0.224
14 0.418 0.6466666666666666 0.232 0.7013333333333334
14 0.128 0.328 0.188 0.4266666666666667
14 0.355 0.30133333333333334 0.146 0.42133333333333334
14 0.931 0.344 0.134 0.6826666666666666
14 0.733 0.196 0.046 0.11466666666666667
14 0.665 0.216 0.074 0.15466666666666667
14 0.599 0.248 0.05 0.14933333333333335
14 0.555 0.20533333333333334 0.034 0.058666666666666666