6 0.535 0.6565495207667732 0.602 0.3801916932907348
14 0.121 0.24600638977635783 0.098 0.33865814696485624
14 0.201 0.2220447284345048 0.098 0.24600638977635783
14 0.257 0.25878594249201275 0.078 0.3194888178913738
14 0.428 0.36900958466453676 0.052 0.29073482428115016
14 0.466 0.3929712460063898 0.036 0.15335463258785942
14 0.526 0.44568690095846647 0.072 0.16932907348242812
14 0.737 0.3722044728434505 0.07 0.24600638977635783
14 0.767 0.26996805111821087 0.042 0.10543130990415335
14 0.836 0.3801916932907348 0.044 0.22364217252396165
14 0.87 0.38498402555910544 0.036 0.22044728434504793
14 0.888 0.3706070287539936 0.024 0.19808306709265175
14 0.923 0.3865814696485623 0.034 0.1853035143769968