15 0.277 0.5405405405405406 0.054 0.12012012012012012
15 0.1 0.5435435435435435 0.064 0.13213213213213212
15 0.055 0.5330330330330331 0.054 0.1111111111111111
15 0.204 0.5345345345345346 0.044 0.11411411411411411
15 0.396 0.5105105105105106 0.044 0.05405405405405406
15 0.35 0.512012012012012 0.044 0.08108108108108109
15 0.827 0.524024024024024 0.034 0.06306306306306306
15 0.796 0.5195195195195195 0.036 0.06006006006006006
15 0.745 0.5225225225225225 0.034 0.07207207207207207
15 0.618 0.5225225225225225 0.056 0.09009009009009009
15 0.551 0.506006006006006 0.05 0.057057057057057055
15 0.435 0.493993993993994 0.026 0.057057057057057055
15 0.478 0.5405405405405406 0.04 0.08408408408408409