15 0.796 0.5133689839572193 0.04 0.1657754010695187
15 0.175 0.5735294117647058 0.054 0.06149732620320856
8 0.823 0.7085561497326203 0.098 0.18181818181818182
8 0.551 0.7112299465240641 0.118 0.1925133689839572
8 0.38 0.81951871657754 0.204 0.3502673796791444
8 0.367 0.8716577540106952 0.218 0.24598930481283424
8 0.628 0.9344919786096256 0.208 0.12032085561497326
8 0.143 0.713903743315508 0.166 0.2620320855614973
8 0.415 0.6310160427807486 0.118 0.19786096256684493
8 0.122 0.5775401069518716 0.084 0.13903743315508021
10 0.686 0.8850267379679144 0.54 0.2192513368983957
17 0.286 0.5868983957219251 0.236 0.18449197860962566