15 0.901 0.22933333333333333 0.03 0.037333333333333336
15 0.875 0.22533333333333333 0.038 0.050666666666666665
15 0.804 0.208 0.04 0.09066666666666667
8 0.64 0.9186666666666666 0.06 0.152
8 0.585 0.9173333333333333 0.058 0.13866666666666666
8 0.49 0.908 0.056 0.152
8 0.336 0.904 0.06 0.17066666666666666
8 0.397 0.8613333333333333 0.05 0.08
8 0.892 0.868 0.048 0.104
8 0.85 0.8373333333333334 0.04 0.07466666666666667
8 0.954 0.86 0.036 0.09333333333333334
8 0.924 0.8466666666666667 0.032 0.09866666666666667
1 0.82 0.772 0.052 0.056