8 0.183 0.668 0.294 0.232
8 0.782 0.7546666666666667 0.208 0.3893333333333333
19 0.185 0.3893333333333333 0.182 0.192
14 0.937 0.66 0.122 0.456
14 0.814 0.4746666666666667 0.116 0.32
14 0.688 0.5853333333333334 0.068 0.4666666666666667
14 0.624 0.468 0.108 0.31733333333333336
14 0.55 0.676 0.18 0.5093333333333333
14 0.394 0.4533333333333333 0.156 0.3413333333333333
14 0.359 0.724 0.21 0.5466666666666666
14 0.238 0.49066666666666664 0.16 0.4
14 0.06 0.4066666666666667 0.12 0.312
14 0.028 0.5733333333333334 0.056 0.4266666666666667