15 0.429 0.456 0.082 0.13333333333333333
15 0.272 0.4786666666666667 0.084 0.12
8 0.23 0.5066666666666667 0.072 0.11733333333333333
8 0.329 0.49866666666666665 0.078 0.15466666666666667
8 0.256 0.5146666666666667 0.056 0.13333333333333333
8 0.378 0.504 0.056 0.10666666666666667
8 0.477 0.548 0.062 0.17333333333333334
8 0.548 0.5586666666666666 0.072 0.168
8 0.447 0.592 0.082 0.18133333333333335
8 0.37 0.564 0.084 0.16266666666666665
8 0.401 0.6173333333333333 0.102 0.21066666666666667
8 0.662 0.6613333333333333 0.124 0.224
8 0.625 0.5306666666666666 0.054 0.144
8 0.701 0.488 0.066 0.06933333333333333
8 0.69 0.5786666666666667 0.084 0.18133333333333335
8 0.747 0.5693333333333334 0.078 0.15733333333333333
8 0.556 0.46266666666666667 0.028 0.056
8 0.518 0.4666666666666667 0.044 0.06933333333333333
8 0.888 0.496 0.044 0.10666666666666667
8 0.822 0.5053333333333333 0.052 0.12
8 0.789 0.496 0.05 0.10666666666666667