10 0.717 0.728494623655914 0.562 0.5376344086021505
10 0.397 0.41397849462365593 0.39 0.25806451612903225
8 0.498 0.696236559139785 0.252 0.6021505376344086
8 0.574 0.47043010752688175 0.112 0.1827956989247312
8 0.682 0.44086021505376344 0.088 0.15591397849462366
8 0.767 0.4260752688172043 0.07 0.12634408602150538
8 0.828 0.7983870967741935 0.34 0.3978494623655914
8 0.901 0.8602150537634409 0.194 0.27419354838709675
8 0.193 0.4166666666666667 0.054 0.25268817204301075
8 0.269 0.4368279569892473 0.13 0.28763440860215056
8 0.369 0.45161290322580644 0.122 0.27419354838709675
8 0.478 0.3548387096774194 0.068 0.10215053763440861
8 0.549 0.34408602150537637 0.07 0.0913978494623656