4 0.479 0.8013333333333333 0.09 0.248
8 0.09 0.424 0.18 0.2986666666666667
8 0.158 0.38133333333333336 0.128 0.23466666666666666
8 0.612 0.268 0.084 0.14133333333333334
8 0.708 0.34933333333333333 0.156 0.26666666666666666
8 0.701 0.388 0.142 0.2906666666666667
8 0.969 0.284 0.042 0.09866666666666667
8 0.229 0.6066666666666667 0.106 0.17333333333333334
8 0.351 0.5413333333333333 0.066 0.18133333333333335
14 0.189 0.2826666666666667 0.23 0.3893333333333333
14 0.393 0.16266666666666665 0.138 0.18133333333333335
14 0.36 0.3333333333333333 0.204 0.43733333333333335
10 0.251 0.38666666666666666 0.226 0.32
10 0.841 0.32 0.286 0.23466666666666666
14 0.673 0.25733333333333336 0.126 0.34933333333333333
14 0.163 0.6746666666666666 0.326 0.6453333333333333
14 0.494 0.4 0.28 0.45866666666666667
14 0.872 0.4093333333333333 0.252 0.47733333333333333
10 0.598 0.78 0.8 0.43466666666666665