4 0.566 0.6056149732620321 0.208 0.21657754010695188
14 0.367 0.589572192513369 0.594 0.8155080213903744
14 0.72 0.5949197860962567 0.3 0.6016042780748663
4 0.396 0.10962566844919786 0.028 0.12299465240641712
4 0.37 0.10561497326203209 0.024 0.12566844919786097
4 0.341 0.10695187165775401 0.026 0.12299465240641712
4 0.312 0.10026737967914438 0.028 0.12032085561497326
4 0.282 0.09893048128342247 0.024 0.12299465240641712
4 0.256 0.09759358288770054 0.028 0.13101604278074866
4 0.224 0.09358288770053476 0.036 0.13368983957219252
4 0.195 0.09358288770053476 0.03 0.13368983957219252
4 0.164 0.08823529411764706 0.028 0.12834224598930483
4 0.132 0.09090909090909091 0.028 0.12834224598930483
4 0.084 0.0855614973262032 0.036 0.12834224598930483
4 0.05 0.08422459893048129 0.032 0.12566844919786097
4 0.013 0.08823529411764706 0.026 0.12299465240641712
4 0.284 0.232620320855615 0.02 0.06951871657754011
4 0.255 0.2553475935828877 0.022 0.12566844919786097
4 0.226 0.2540106951871658 0.028 0.13368983957219252
4 0.196 0.2553475935828877 0.028 0.12566844919786097
4 0.167 0.24866310160427807 0.034 0.1443850267379679
4 0.135 0.24598930481283424 0.034 0.1497326203208556
4 0.087 0.2446524064171123 0.03 0.15240641711229946
4 0.054 0.25133689839572193 0.032 0.13903743315508021
4 0.06 0.3649732620320856 0.028 0.045454545454545456
4 0.087 0.3689839572192513 0.03 0.0427807486631016
4 0.132 0.37433155080213903 0.028 0.0427807486631016
4 0.156 0.3649732620320856 0.028 0.045454545454545456
4 0.18 0.36764705882352944 0.028 0.045454545454545456
4 0.206 0.36764705882352944 0.032 0.045454545454545456
4 0.234 0.36764705882352944 0.032 0.045454545454545456
4 0.065 0.44786096256684493 0.034 0.05614973262032086
4 0.083 0.5254010695187166 0.034 0.06684491978609626
10 0.606 0.9037433155080213 0.784 0.18716577540106952
4 0.052 0.7312834224598931 0.044 0.12566844919786097
4 0.022 0.7914438502673797 0.044 0.09090909090909091
4 0.141 0.43716577540106955 0.034 0.06684491978609626
14 0.025 0.48262032085561496 0.05 0.5588235294117647