1 0.9 0.5195195195195195 0.172 0.18618618618618618
1 0.699 0.5330330330330331 0.206 0.1831831831831832
1 0.493 0.536036036036036 0.17 0.21921921921921922
1 0.253 0.539039039039039 0.15 0.15315315315315314
1 0.27 0.5870870870870871 0.164 0.19519519519519518
1 0.41 0.7222222222222222 0.228 0.2672672672672673
1 0.175 0.6606606606606606 0.106 0.21621621621621623
14 0.746 0.5630630630630631 0.092 0.2012012012012012
14 0.64 0.5720720720720721 0.104 0.19519519519519518
14 0.338 0.4774774774774775 0.092 0.3783783783783784
14 0.363 0.6201201201201201 0.142 0.47147147147147145
14 0.13 0.36036036036036034 0.028 0.07207207207207207
14 0.059 0.3933933933933934 0.042 0.13213213213213212
14 0.03 0.53003003003003 0.06 0.4594594594594595
1 0.259 0.5855855855855856 0.142 0.18618618618618618
1 0.163 0.5870870870870871 0.078 0.1831831831831832
1 0.169 0.6561561561561562 0.102 0.23123123123123124
14 0.06 0.3408408408408408 0.032 0.07507507507507508
14 0.009 0.33633633633633636 0.018 0.07207207207207207