3 0.511 0.36933333333333335 0.094 0.034666666666666665
3 0.403 0.37733333333333335 0.078 0.056
3 0.107 0.56 0.214 0.096
3 0.158 0.528 0.316 0.10666666666666667
3 0.176 0.5213333333333333 0.352 0.12
14 0.235 0.5373333333333333 0.118 0.6586666666666666
4 0.29 0.5426666666666666 0.044 0.06666666666666667
14 0.408 0.656 0.164 0.24
14 0.538 0.7733333333333333 0.244 0.2826666666666667
14 0.575 0.6186666666666667 0.226 0.21866666666666668
14 0.743 0.6066666666666667 0.142 0.4026666666666667
14 0.664 0.616 0.084 0.15466666666666667
14 0.819 0.4866666666666667 0.03 0.09333333333333334
14 0.894 0.5026666666666667 0.036 0.13066666666666665
14 0.922 0.496 0.036 0.128
14 0.841 0.49866666666666665 0.042 0.11733333333333333