9 0.696 0.4835164835164835 0.24 0.5567765567765568
9 0.526 0.5439560439560439 0.332 0.5824175824175825
9 0.379 0.4835164835164835 0.286 0.5128205128205128
9 0.781 0.2948717948717949 0.078 0.3626373626373626
9 0.861 0.30952380952380953 0.11 0.38461538461538464
9 0.952 0.2893772893772894 0.08 0.38095238095238093
2 0.027 0.48717948717948717 0.03 0.06593406593406594
2 0.115 0.7912087912087912 0.062 0.18315018315018314
2 0.34 0.5897435897435898 0.056 0.17582417582417584
2 0.26 0.8003663003663004 0.068 0.19413919413919414
2 0.172 0.608058608058608 0.088 0.14652014652014653