13 0.589 0.916 0.526 0.16266666666666665
13 0.829 0.844 0.326 0.22133333333333333
13 0.149 0.872 0.298 0.24533333333333332
14 0.022 0.7666666666666667 0.044 0.328
14 0.12 0.784 0.104 0.336
14 0.061 0.7773333333333333 0.07 0.32266666666666666
14 0.457 0.7626666666666667 0.206 0.2986666666666667
14 0.516 0.8133333333333334 0.128 0.368
14 0.607 0.812 0.214 0.37066666666666664
14 0.76 0.7626666666666667 0.112 0.2826666666666667
14 0.833 0.7573333333333333 0.13 0.33066666666666666
14 0.2 0.7093333333333334 0.052 0.18133333333333335
13 0.635 0.7626666666666667 0.122 0.08533333333333333
14 0.261 0.7013333333333334 0.038 0.14933333333333335
14 0.296 0.7306666666666667 0.032 0.08
14 0.341 0.7013333333333334 0.034 0.10666666666666667