10 0.731 0.836 0.534 0.32266666666666666
14 0.187 0.6586666666666666 0.178 0.6773333333333333
14 0.397 0.732 0.178 0.5306666666666666
14 0.903 0.7373333333333333 0.19 0.3333333333333333
14 0.831 0.7226666666666667 0.102 0.15466666666666667
14 0.704 0.6973333333333334 0.112 0.16266666666666665
14 0.668 0.664 0.08 0.13866666666666666
14 0.68 0.5493333333333333 0.12 0.33066666666666666
14 0.57 0.6226666666666667 0.08 0.136
14 0.572 0.5933333333333334 0.112 0.2
14 0.502 0.5866666666666667 0.076 0.144
14 0.461 0.5706666666666667 0.07 0.128
14 0.422 0.52 0.044 0.10133333333333333
14 0.227 0.46266666666666667 0.07 0.152
14 0.119 0.5746666666666667 0.05 0.264
14 0.045 0.5306666666666666 0.09 0.112
14 0.019 0.58 0.038 0.13066666666666665
10 0.05 0.8626666666666667 0.1 0.2693333333333333
10 0.052 0.656 0.104 0.16533333333333333
10 0.488 0.7626666666666667 0.072 0.2613333333333333