4 0.563 0.172 0.142 0.344
10 0.327 0.46 0.33 0.408
10 0.629 0.7693333333333333 0.738 0.456
14 0.748 0.44133333333333336 0.5 0.6
14 0.225 0.6853333333333333 0.45 0.624
14 0.144 0.30266666666666664 0.18 0.23733333333333334
8 0.398 0.4653333333333333 0.212 0.38133333333333336
8 0.369 0.2733333333333333 0.058 0.072
8 0.698 0.29333333333333333 0.06 0.10133333333333333
14 0.677 0.20266666666666666 0.146 0.304
14 0.793 0.12 0.074 0.05333333333333334
14 0.94 0.17066666666666666 0.116 0.18666666666666668
10 0.842 0.33866666666666667 0.312 0.25066666666666665