8 0.123 0.5946666666666667 0.126 0.24533333333333332
8 0.178 0.6533333333333333 0.104 0.288
8 0.279 0.7213333333333334 0.166 0.328
8 0.344 0.808 0.196 0.3626666666666667
8 0.492 0.8613333333333333 0.308 0.26666666666666666
8 0.754 0.6093333333333333 0.128 0.12
8 0.553 0.5346666666666666 0.094 0.06666666666666667
8 0.398 0.4786666666666667 0.064 0.050666666666666665
10 0.618 0.724 0.756 0.5466666666666666
14 0.059 0.37333333333333335 0.074 0.26666666666666666
14 0.126 0.44133333333333336 0.092 0.408
14 0.245 0.4653333333333333 0.118 0.22666666666666666
14 0.412 0.37066666666666664 0.08 0.26666666666666666
14 0.572 0.36533333333333334 0.076 0.2986666666666667
14 0.627 0.43466666666666665 0.122 0.31466666666666665
14 0.858 0.7266666666666667 0.28 0.5413333333333333
14 0.55 0.784 0.42 0.416
14 0.976 0.4666666666666667 0.044 0.352