8 0.553 0.424 0.178 0.3466666666666667
8 0.664 0.49866666666666665 0.224 0.432
1 0.392 0.31733333333333336 0.26 0.3626666666666667
1 0.399 0.2986666666666667 0.242 0.31466666666666665
6 0.654 0.06666666666666667 0.216 0.13333333333333333
6 0.465 0.05333333333333334 0.162 0.10666666666666667
6 0.302 0.050666666666666665 0.132 0.10133333333333333
13 0.292 0.47733333333333333 0.58 0.8853333333333333
14 0.143 0.09333333333333334 0.034 0.11733333333333333
14 0.162 0.08933333333333333 0.02 0.10933333333333334
14 0.108 0.10933333333333334 0.02 0.05333333333333334