15 0.971 0.7613333333333333 0.05 0.08266666666666667
8 0.431 0.5946666666666667 0.094 0.208
8 0.52 0.5826666666666667 0.1 0.25333333333333335
8 0.535 0.4866666666666667 0.018 0.088
8 0.45 0.4613333333333333 0.06 0.05333333333333334
8 0.349 0.5746666666666667 0.106 0.22666666666666666
8 0.337 0.492 0.03 0.088
10 0.442 0.5866666666666667 0.216 0.224
17 0.341 0.8453333333333334 0.682 0.304
4 0.878 0.49733333333333335 0.024 0.072
4 0.776 0.4613333333333333 0.028 0.10666666666666667
19 0.182 0.432 0.028 0.058666666666666666