15 0.92 0.44533333333333336 0.148 0.4746666666666667
8 0.562 0.8106666666666666 0.424 0.368
8 0.745 0.7466666666666667 0.266 0.5013333333333333
8 0.853 0.636 0.114 0.472
8 0.033 0.74 0.066 0.44533333333333336
8 0.3 0.37733333333333335 0.056 0.09333333333333334
10 0.351 0.676 0.702 0.6426666666666667
14 0.593 0.588 0.43 0.6426666666666667
14 0.78 0.38666666666666666 0.272 0.4053333333333333
14 0.593 0.2693333333333333 0.194 0.23466666666666666
14 0.388 0.30533333333333335 0.148 0.232
14 0.226 0.368 0.16 0.25066666666666665
14 0.118 0.592 0.236 0.72