4 0.591 0.16973684210526316 0.058 0.034210526315789476
17 0.476 0.7907894736842105 0.952 0.4131578947368421
4 0.014 0.4355263157894737 0.028 0.17105263157894737
14 0.279 0.7131578947368421 0.318 0.5684210526315789
14 0.525 0.6578947368421053 0.254 0.6789473684210526
14 0.799 0.7013157894736842 0.398 0.5921052631578947
14 0.172 0.3092105263157895 0.224 0.618421052631579
14 0.336 0.30526315789473685 0.216 0.4421052631578947
14 0.574 0.3394736842105263 0.26 0.5526315789473685
14 0.724 0.30394736842105263 0.096 0.26052631578947366
14 0.826 0.38552631578947366 0.228 0.6394736842105263
14 0.966 0.5657894736842105 0.064 0.2