15 0.04533333333333334 0.194 0.09066666666666667 0.1
15 0.22266666666666668 0.121 0.13066666666666665 0.138
15 0.712 0.226 0.08533333333333333 0.068
15 0.752 0.175 0.224 0.162
14 0.45066666666666666 0.583 0.224 0.39
14 0.6853333333333333 0.088 0.064 0.044
14 0.7746666666666666 0.092 0.06133333333333333 0.048
14 0.872 0.096 0.058666666666666666 0.044
8 0.8613333333333333 0.144 0.058666666666666666 0.092
14 0.164 0.044 0.04533333333333334 0.056
8 0.136 0.097 0.08 0.118
8 0.376 0.113 0.058666666666666666 0.094
8 0.44266666666666665 0.092 0.048 0.048