4 0.756 0.294 0.072 0.124
10 0.49866666666666665 0.688 0.9973333333333333 0.62
4 0.18 0.293 0.14133333333333334 0.21
4 0.5053333333333333 0.318 0.08266666666666667 0.212
4 0.31466666666666665 0.283 0.08 0.198
4 0.4266666666666667 0.309 0.08 0.202
4 0.34933333333333333 0.275 0.05333333333333334 0.186
4 0.2613333333333333 0.27 0.08 0.156
4 0.388 0.281 0.04 0.178
4 0.4866666666666667 0.229 0.09866666666666667 0.118
4 0.388 0.208 0.088 0.096
4 0.6373333333333333 0.302 0.05333333333333334 0.076
4 0.684 0.308 0.04 0.072