4 0.4666666666666667 0.423 0.432 0.418
4 0.029333333333333333 0.085 0.058666666666666666 0.17
4 0.16 0.173 0.32 0.346
4 0.37733333333333335 0.196 0.41333333333333333 0.392
4 0.6853333333333333 0.148 0.448 0.296
4 0.8853333333333333 0.135 0.224 0.27
4 0.068 0.442 0.136 0.284
4 0.7906666666666666 0.41 0.41333333333333333 0.368
4 0.09466666666666666 0.794 0.18933333333333333 0.376
4 0.21066666666666667 0.777 0.3626666666666667 0.442
4 0.536 0.745 0.44266666666666665 0.41
4 0.3893333333333333 0.956 0.304 0.084
4 0.676 0.928 0.32266666666666666 0.14
4 0.908 0.9 0.17866666666666667 0.196
4 0.8026666666666666 0.704 0.3893333333333333 0.392