8 0.666 0.6226666666666667 0.192 0.23733333333333334
8 0.053 0.36533333333333334 0.094 0.10666666666666667
8 0.271 0.6346666666666667 0.106 0.4053333333333333
8 0.513 0.6906666666666667 0.426 0.21333333333333335
10 0.549 0.7973333333333333 0.894 0.4
14 0.814 0.5093333333333333 0.368 0.48
14 0.467 0.5093333333333333 0.338 0.576
14 0.284 0.572 0.568 0.8506666666666667
8 0.678 0.4186666666666667 0.088 0.18133333333333335
8 0.568 0.396 0.092 0.14666666666666667
8 0.699 0.36666666666666664 0.05 0.08266666666666667
8 0.635 0.4 0.074 0.13333333333333333
4 0.666 0.30533333333333335 0.016 0.050666666666666665