16 0.249 0.952 0.294 0.09066666666666667
16 0.076 0.8813333333333333 0.152 0.232
16 0.877 0.8693333333333333 0.182 0.23466666666666666
16 0.952 0.8133333333333334 0.092 0.25066666666666665
16 0.879 0.6586666666666666 0.238 0.26666666666666666
16 0.959 0.5253333333333333 0.074 0.096
16 0.867 0.5146666666666667 0.062 0.042666666666666665
16 0.707 0.6346666666666667 0.254 0.2826666666666667
16 0.729 0.4826666666666667 0.074 0.07466666666666667
16 0.637 0.5453333333333333 0.146 0.152
16 0.307 0.352 0.218 0.432
16 0.121 0.4013333333333333 0.242 0.43466666666666665
16 0.059 0.096 0.118 0.07466666666666667
16 0.576 0.8346666666666667 0.384 0.3253333333333333
16 0.084 0.16533333333333333 0.168 0.10133333333333333
16 0.17 0.192 0.14 0.08