6 0.474 0.6093333333333333 0.908 0.5733333333333334
6 0.618 0.30933333333333335 0.264 0.22933333333333333
6 0.067 0.336 0.13 0.192
6 0.82 0.26266666666666666 0.148 0.12
14 0.284 0.26666666666666666 0.044 0.17066666666666666
14 0.341 0.268 0.034 0.15733333333333333
14 0.959 0.36933333333333335 0.078 0.456
14 0.147 0.2826666666666667 0.026 0.208
14 0.819 0.23466666666666666 0.038 0.15466666666666667
14 0.906 0.2773333333333333 0.052 0.23466666666666666
14 0.439 0.256 0.03 0.144
14 0.479 0.25066666666666665 0.034 0.144