6 0.104 0.5586666666666666 0.204 0.136
6 0.12 0.5746666666666667 0.168 0.10933333333333334
14 0.825 0.5613333333333334 0.054 0.312
15 0.746 0.5933333333333334 0.184 0.376
14 0.61 0.5613333333333334 0.152 0.648
14 0.393 0.564 0.118 0.488
14 0.49 0.5853333333333334 0.156 0.6106666666666667
14 0.337 0.5506666666666666 0.082 0.17866666666666667
15 0.164 0.6266666666666667 0.108 0.15466666666666667
14 0.246 0.6026666666666667 0.092 0.256
14 0.286 0.5186666666666667 0.052 0.168
14 0.226 0.49866666666666665 0.056 0.112
14 0.153 0.504 0.058 0.13866666666666666
14 0.1 0.5253333333333333 0.052 0.20266666666666666